0.0
0.00017999999999999998
0.00035999999999999997
0.0
0.0
0.00456
0.03276
0.03978
0.040530000000000004
0.04098
0.04308
0.037559999999999996
0.03291
0.02169
0.01425
0.0
0.0
0.0
0.0
0.0
0.0
0.0
0.0
0.0
0.02733
0.054599999999999996
0.08106000000000001
0.09369000000000001
0.11895
0.14511
0.1479
0.15444
0.15753
0.15872999999999998
0.15903
0.1587
0.15861
0.14226
0.10386
0.05646
0.0
0.0035399999999999997
0.0
0.0
0.0
0.0
0.0
0.0
0.0
0.00033
0.0
0.0
0.0
0.0
0.0
0.0
0.0
0.0
0.0
0.0
0.0
0.0
0.0
0.0
0.0
0.0
0.0
0.0
0.0
0.0
0.0
0.0
0.0
0.0
0.0
0.0
0.0
0.0
0.0
0.0
0.0
0.0
0.0
0.00027
0.00435
0.0
0.0018
0.0
0.0013800000000000002
0.00035999999999999997
0.00093
0.0
3e-05
0.00054
0.00159
0.0
8.999999999999999e-05
0.0
0.0
0.0
0.0
0.0
0.0
0.0
0.0
0.0
0.0
0.03789
0.06546
0.08334000000000001
0.10881000000000002
0.13221
0.14595
0.1497
0.15539999999999998
0.15831
0.159
0.15882
0.14658
0.11618999999999999
0.06842999999999999
0.0114
0.0
0.0
0.0
0.0
0.0
0.0
0.0
0.0
0.0
0.0
0.0
0.0
0.0
0.0
0.0
0.0
0.0
0.0
0.0
0.0
0.0
0.0
0.0
0.0
0.0
0.00051
3e-05
0.00017999999999999998
0.00132
0.0016500000000000002
0.00189
0.00117
0.00057
0.00063
0.0016200000000000001
0.0007199999999999999
0.00030000000000000003
0.0006000000000000001
0.00066
0.0
0.0
0.0
0.0
0.0
0.0
0.0
0.0
0.0
0.0
0.0
0.0
0.0
0.00042000000000000007
0.0
0.00051
0.00048
0.0
0.00054
0.00111
0.00171
0.00189
0.00174
0.00035999999999999997
0.00129
0.00129
0.00057
0.0
0.0
0.0
0.0
0.0
0.0
0.0
0.0
0.0
0.0
0.0
0.0
0.0
0.0
0.0
0.0
0.0
0.0
0.0
0.0
0.0
0.0
0.0
0.0
0.0
0.0
0.0
0.0
0.0
0.0007800000000000001
0.00123
0.00093
0.00135
0.00063
0.0
0.0
0.00054
0.0
0.0
0.00024
0.00017999999999999998
0.0
0.00093
0.0036
8.999999999999999e-05
0.00507
0.00993
0.007470000000000001
0.00237
0.0072900000000000005
0.0165
0.02364
0.02211
0.01812
0.024960000000000003
0.04137
0.05280000000000001
0.09528
0.13338
0.15093
0.15687
0.15237
0.13506
0.11121
0.07725
0.03807
0.004710000000000001
0.004710000000000001
0.0
3e-05
0.00045
0.00045
0.0
0.00024
0.00111
0.0
0.0
0.0
0.0
0.0
0.0
0.0
0.0
0.0
0.0
0.0
0.0
0.0
0.00141
0.0016500000000000002
0.0027600000000000003
0.0027900000000000004
0.00468
0.0014399999999999999
0.00201
0.0022500000000000003
0.00255
0.00231
0.00204
0.00017999999999999998
0.00126
0.00255
0.00426
0.00252
0.0027900000000000004
0.005520000000000001
0.01947
0.00441
0.00435
0.00369
0.0036
0.0035099999999999997
0.00342
0.00444
0.004710000000000001
0.00588
0.00249
0.004050000000000001
0.0017699999999999999
0.0033000000000000004
0.00567
0.00564
0.00507
0.0049499999999999995
0.00591
0.00786
0.00996
0.00918
0.01047
0.10278
0.09702000000000001
0.12564
0.12122999999999999
0.12984
0.14073
0.14943
0.15756
0.1587
0.15180000000000002
0.13943999999999998
0.11025
0.07044
0.027960000000000002
0.00933
0.012240000000000001
0.00918
0.0061200000000000004
0.00936
0.00915
0.00819
0.00774
0.007050000000000001
0.00693
0.00582
0.006
0.00663
0.00591
0.0064800000000000005
0.006660000000000001
0.00477
0.00582
0.0032700000000000003
0.00438
0.00663
0.0078000000000000005
0.008610000000000001
0.00912
0.009389999999999999
0.01026
0.00945
0.00906
0.00714
0.00669
0.00693
0.00804
0.00777
0.008910000000000001
0.01068
0.0075
0.010110000000000001
0.009420000000000001
0.01341
0.009779999999999999
0.00816
0.008220000000000002
0.01812
0.06807
0.1338
0.14583000000000002
0.15783
0.15336
0.13802999999999999
0.12258
0.09531
0.060719999999999996
0.012539999999999999
0.01425
0.01014
0.00918
0.01089
0.00903
0.010110000000000001
0.01056
0.009720000000000001
0.00744
0.005580000000000001
0.00573
0.00636
0.006600000000000001
0.00717
0.00864
0.00801
0.00867
0.0061200000000000004
0.00675
0.00651
0.0165
0.03909
0.03261
0.02673
0.02058
0.016470000000000002
0.01719
0.006149999999999999
0.00924
0.005370000000000001
0.0062699999999999995
0.00573
0.00693
0.00762
0.009810000000000001
0.00645
0.008220000000000002
0.0084
0.00927
0.00984
0.009000000000000001
0.00897
0.00903
0.00852
0.0078000000000000005
0.03552
0.05961
0.07554
0.09762
0.12906
0.14376
0.14835
0.15312
0.15801
0.15906
0.15897
0.15921
0.14622000000000002
0.11904
0.07134
0.02403
0.00966
0.006660000000000001
0.00765
0.00783
0.00888
0.00642
0.00384
0.00582
0.00453
0.00663
0.0063
0.00762
0.00864
0.00918
0.007529999999999999
0.00921
0.00717
0.008100000000000001
0.0087
0.00801
0.00954
0.00954
0.00903
0.00951
0.01029
0.0087
0.00888
0.009720000000000001
0.0069900000000000006
0.007980000000000001
0.00681
0.00831
0.008790000000000001
0.009779999999999999
0.013470000000000001
0.01356
0.015
0.012570000000000001
0.009420000000000001
0.00906
0.01014
0.0087
0.00963
0.017580000000000002
0.017490000000000002
0.01686
0.008610000000000001
0.00852
0.01008
0.00948
0.01125
0.01125
0.02526
0.02436
0.041190000000000004
0.047880000000000006
0.06666
0.10104
0.12471
0.14451
0.15098999999999999
0.1455
0.13125
0.11655
0.09288
0.06971999999999999
0.03081
0.009389999999999999
0.01323
0.00642
0.00555
0.00651
0.00954
0.01239
0.01029
0.00921
0.00762
0.00723
0.008220000000000002
0.00927
0.00933
0.009300000000000001
0.00933
0.00894
0.00882
0.008100000000000001
0.009089999999999999
0.02094
0.0075899999999999995
0.00903
0.00795
0.01002
0.00969
0.00963
0.00921
0.009810000000000001
0.0078000000000000005
0.00756
0.01728
0.01263
0.009000000000000001
0.01032
0.013710000000000002
0.01059
0.012450000000000001
0.013049999999999999
0.01191
0.01137
0.01146
0.03615
0.05577
0.07023
0.09024
0.11508
0.14373
0.14778
0.1527
0.15762
0.15894
0.15882
0.15744
0.14238
0.1173
0.07947
0.028650000000000002
0.020700000000000003
0.01836
0.012570000000000001
0.01044
0.0108
0.00765
0.00966
0.01179
0.01164
0.01167
0.01164
0.00915
0.0105
0.007529999999999999
0.00906
0.01044
0.012539999999999999
0.01047
0.01002
0.00843
0.01008
0.00897
0.00906
0.00906
0.0108
0.00957
0.01212
0.01125
0.0108
0.00819
0.010620000000000001
0.00873
0.01047
0.00918
0.00852
0.00795
0.00807
0.00882
0.013590000000000001
0.02244
0.01005
0.01089
0.01206
0.01065
0.011519999999999999
0.010350000000000002
0.00897
0.010740000000000001
0.00846
0.008490000000000001
0.00987
0.00918
0.00984
0.01044
0.01221
0.01146
0.01059
0.012
0.0114
0.01206
0.00852
0.00768
0.01008
0.00924
0.009720000000000001
0.009779999999999999
0.01008
0.01302
0.0144
0.012419999999999999
0.01401
0.01401
0.01338
0.04137
0.05571
0.08526
0.09942000000000001
0.12546000000000002
0.14409
0.14769
0.15234
0.15888
0.15906
0.15879000000000001
0.15885000000000002
0.15539999999999998
0.13452
0.10413
0.058469999999999994
0.00837
0.01908
0.012419999999999999
0.008610000000000001
0.011160000000000002
0.009089999999999999
0.0117
0.01113
0.008579999999999999
0.01047
0.01017
0.007980000000000001
0.00603
0.00693
0.00519
0.0061200000000000004
0.00825
0.00837
0.009420000000000001
0.010709999999999999
0.0108
0.01002
0.00897
0.008790000000000001
0.00837
0.01017
0.00969
0.01029
0.00852
0.009300000000000001
0.00954
0.012
0.010620000000000001
0.0111
0.00801
0.00837
0.00771
0.00696
0.00756
0.00975
0.01059
0.02526
0.02682
0.0285
0.02052
0.016440000000000003
0.02358
0.01434
0.01026
0.01026
0.009779999999999999
0.012450000000000001
0.04263
0.06114
0.06879
0.07842
0.09036000000000001
0.10551
0.12444
0.14100000000000001
0.1452
0.13629
0.12122999999999999
0.09438
0.06933
0.02517
0.014549999999999999
0.010920000000000001
0.00876
0.00885
0.00678
0.00675
0.00873
0.00804
0.008610000000000001
0.00873
0.01005
0.008490000000000001
0.00897
0.01026
0.00936
0.01188
0.011160000000000002
0.011160000000000002
0.009089999999999999
0.012570000000000001
0.012929999999999999
0.012480000000000002
0.01374
0.03501
0.04374
0.03981
0.03264
0.018000000000000002
0.012360000000000001
0.01125
0.01068
0.01041
0.01056
0.01233
0.013470000000000001
0.01095
0.01164
0.01215
0.01299
0.01263
0.0114
0.01122
0.0108
0.01314
0.011040000000000001
0.01179
0.010920000000000001
0.011519999999999999
0.01146
0.012240000000000001
0.01137
0.013470000000000001
0.013080000000000001
0.01437
0.0411
0.05142
0.06495
0.08589
0.11414999999999999
0.14262
0.14814000000000002
0.15234
0.15807
0.15918000000000002
0.159
0.15921
0.14709
0.10359
0.03621
0.00801
0.010920000000000001
0.00723
0.0069900000000000006
0.00714
0.00675
0.009000000000000001
0.00936
0.009089999999999999
0.00663
0.007529999999999999
0.009779999999999999
0.00723
0.008910000000000001
0.00645
0.007110000000000001
0.00804
0.007980000000000001
0.008579999999999999
0.00993
0.00984
0.008579999999999999
0.009389999999999999
0.00828
0.00804
0.00813
0.008220000000000002
0.00984
0.00852
0.008910000000000001
0.00855
0.00786
0.00966
0.009899999999999999
0.01119
0.00984
0.011160000000000002
0.009810000000000001
0.01128
0.009600000000000001
0.01101
0.00984
0.01029
0.01077
0.01137
0.01218
0.01323
0.01284
0.01311
0.0126
0.015
0.016649999999999998
0.01392
0.01452
0.012750000000000001
0.013470000000000001
0.014580000000000001
0.01431
0.014549999999999999
0.01311
0.01302
0.014610000000000001
0.015090000000000001
0.014610000000000001
0.01395
0.015
0.01356
0.01335
0.011550000000000001
0.01128
0.01098
0.02043
0.02466
0.02199
0.012480000000000002
0.01368
0.01824
0.019200000000000002
0.013049999999999999
0.01338
0.01446
0.01413
0.01515
0.014700000000000001
0.01476
0.01167
0.01821
0.01791
0.02379
0.02709
0.03309
0.02079
0.01299
0.012
0.01188
0.0288
0.04014
0.050460000000000005
0.05865
0.09764999999999999
0.13512
0.1479
0.15426
0.15849
0.15921
0.15912
0.15891
0.15891
0.13326000000000002
0.08175
0.03009
0.01641
0.012960000000000001
0.0135
0.0111
0.01122
0.00993
0.00783
0.00756
0.00984
0.009389999999999999
0.012480000000000002
0.01176
0.01176
0.011430000000000001
0.00996
0.01164
0.012240000000000001
0.012690000000000002
0.013320000000000002
0.011519999999999999
0.012299999999999998
0.01299
0.01191
0.01179
0.01182
0.01221
0.01056
0.01239
0.00933
0.01083
0.01065
0.01038
0.00894
0.00966
0.00888
0.00846
0.011550000000000001
0.012299999999999998
0.010620000000000001
0.01182
0.01086
0.0108
0.01068
0.016200000000000003
0.01182
0.01038
0.010709999999999999
0.00999
0.01158
0.01233
0.009089999999999999
0.01083
0.008220000000000002
0.00957
0.01122
0.01353
0.013320000000000002
0.01611
0.01806
0.01632
0.015210000000000001
0.014669999999999999
0.01584
0.0153
0.01452
0.01386
0.01353
0.012809999999999998
0.01212
0.01452
0.014039999999999999
0.01902
0.01938
0.0135
0.012360000000000001
0.01029
0.010230000000000001
0.01029
0.009000000000000001
0.00975
0.020909999999999998
0.03111
0.048119999999999996
0.09219000000000001
0.12594
0.14322000000000001
0.14895
0.15234
0.15879000000000001
0.15903
0.15839999999999999
0.15135
0.14175000000000001
0.12936
0.11102999999999999
0.07305
0.01485
0.01362
0.00684
0.009720000000000001
0.01026
0.00876
0.007019999999999999
0.0064800000000000005
0.00477
0.009420000000000001
0.00762
0.00573
0.004860000000000001
0.006209999999999999
0.0049499999999999995
0.00483
0.00549
0.00585
0.00678
0.006720000000000001
0.00756
0.00756
0.00795
0.00864
0.00936
0.008790000000000001
0.024210000000000002
0.015059999999999999
0.011040000000000001
0.01284
0.011970000000000001
0.010740000000000001
0.01086
0.012029999999999999
0.01119
0.00897
0.00885
0.01032
0.01089
0.01014
0.01017
0.00984
0.00918
0.00924
0.009089999999999999
0.0087
0.00855
0.01038
0.0108
0.01017
0.00864
0.01191
0.00906
0.009720000000000001
0.00834
0.01896
0.03531
0.03144
0.016440000000000003
0.01107
0.01176
0.00933
0.008790000000000001
0.00954
0.009420000000000001
0.00963
0.009000000000000001
0.012
0.01089
0.01188
0.01131
0.01137
0.00714
0.007980000000000001
0.00681
0.00468
0.0039900000000000005
0.00357
0.0057
0.03429
0.07971
0.09063
0.12819
0.14073
0.14448
0.14856000000000003
0.15261
0.15822
0.1593
0.1593
0.15909
0.15924
0.14382
0.10731000000000002
0.06429
0.00921
0.009389999999999999
0.00066
0.00264
0.0033000000000000004
0.00213
0.00369
0.00441
0.00375
0.00435
0.00294
0.0042
0.00093
0.00303
0.0006900000000000001
0.0
0.0
0.0013800000000000002
0.00042000000000000007
0.0
0.00093
0.00159
0.00123
0.0027600000000000003
0.00474
0.00378
0.0057
0.00669
0.00771
0.01233
0.010350000000000002
0.01179
0.013590000000000001
0.01263
0.0138
0.01428
0.01212
0.01041
0.00945
0.01089
0.01191
0.012809999999999998
0.013440000000000002
0.01524
0.012
0.012299999999999998
0.01059
0.01158
0.01095
0.01086
0.01206
0.01212
0.011940000000000001
0.00993
0.00915
0.008790000000000001
0.00774
0.011430000000000001
0.01227
0.012240000000000001
0.011550000000000001
0.012539999999999999
0.01233
0.01299
0.01047
0.01356
0.01323
0.01095
0.01176
0.01167
0.01284
0.011550000000000001
0.01176
0.013200000000000002
0.01584
0.0153
0.058710000000000005
0.12309
0.12108000000000001
0.13077000000000003
0.12696000000000002
0.12315
0.11136
0.08793
0.060570000000000006
0.015450000000000002
0.01326
0.012870000000000001
0.01068
0.01014
0.01095
0.01047
0.01323
0.006540000000000001
0.00765
0.00756
0.00831
0.00873
0.00951
0.01017
0.00987
0.01218
0.010740000000000001
0.01095
0.01059
0.0111
0.009810000000000001
0.01008
0.00768
0.00756
0.006660000000000001
0.00918
0.00771
0.00867
0.01401
0.01221
0.011850000000000001
0.011160000000000002
0.00984
0.01017
0.01284
0.012690000000000002
0.012360000000000001
0.015870000000000002
0.03582
0.039869999999999996
0.04956
0.05196
0.075
0.11997000000000001
0.15039000000000002
0.15639
0.15918000000000002
0.15927000000000002
0.15909
0.159
0.14157
0.11172000000000001
0.07299
0.010920000000000001
0.014940000000000002
0.009300000000000001
0.011160000000000002
0.012570000000000001
0.01239
0.01239
0.01323
0.01191
0.01227
0.01362
0.014490000000000001
0.01158
0.013710000000000002
0.013440000000000002
0.014190000000000001
0.01515
0.014820000000000002
0.013980000000000001
0.012960000000000001
0.013049999999999999
0.013649999999999999
0.01392
0.01617
0.012480000000000002
0.01326
0.01335
0.013830000000000002
0.02115
0.01812
0.018000000000000002
0.0174
0.01539
0.01497
0.015600000000000001
0.01497
0.01512
0.014490000000000001
0.015960000000000002
0.02997
0.02928
0.03408
0.02976
0.02163
0.0258
0.01992
0.013080000000000001
0.014070000000000001
0.01593
0.01329
0.0144
0.01329
0.015179999999999999
0.04302
0.07218
0.08745
0.09702000000000001
0.11454
0.13899
0.14916
0.15281999999999998
0.15747
0.15861
0.1587
0.13908
0.11355000000000001
0.07017
0.01392
0.01299
0.01137
0.01125
0.01221
0.01089
0.01077
0.012
0.01221
0.01125
0.01542
0.012870000000000001
0.014100000000000001
0.01392
0.014070000000000001
0.01215
0.01377
0.01512
0.01575
0.01536
0.014490000000000001
0.01452
0.012539999999999999
0.01107
0.01239
0.0105
0.00987
0.01065
0.0108
0.01233
0.01263
0.013590000000000001
0.013080000000000001
0.01251
0.012690000000000002
0.012809999999999998
0.01272
0.01302
0.01221
0.012240000000000001
0.01386
0.01182
0.0129
0.012960000000000001
0.032400000000000005
0.045660000000000006
0.03702
0.029339999999999998
0.02082
0.01605
0.01395
0.01503
0.01737
0.014429999999999998
0.01473
0.01431
0.01473
0.015600000000000001
0.01662
0.01431
0.015210000000000001
0.03318
0.03711
0.0375
0.04623
0.04887
0.060840000000000005
0.08082
0.12068999999999999
0.14133
0.1593
0.15933
0.15951
0.15942
0.15945
0.13983
0.0849
0.02478
0.01503
0.01611
0.01761
0.01395
0.01434
0.01503
0.014940000000000002
0.015179999999999999
0.01476
0.017220000000000003
0.01629
0.01563
0.01515
0.013590000000000001
0.01479
0.01425
0.01368
0.013649999999999999
0.012960000000000001
0.013320000000000002
0.014100000000000001
0.01338
0.015090000000000001
0.015
0.014580000000000001
0.0165
0.016200000000000003
0.01611
0.03546
0.04317
0.031740000000000004
0.01683
0.0174
0.01656
0.01713
0.01653
0.01806
0.01695
0.01875
0.01608
0.01614
0.01584
0.01539
0.0159
0.01653
0.01542
0.014549999999999999
0.013470000000000001
0.01377
0.012450000000000001
0.01374
0.040380000000000006
0.06759000000000001
0.08253
0.09363
0.11271
0.13773
0.14883
0.15468
0.15891
0.15894
0.15894
0.1524
0.13449
0.10458
0.060840000000000005
0.01491
0.01689
0.012360000000000001
0.01464
0.01221
0.01485
0.01317
0.01314
0.01503
0.01401
0.01311
0.01191
0.010230000000000001
0.01167
0.01338
0.015210000000000001
0.01335
0.01434
0.014580000000000001
0.01065
0.01512
0.014070000000000001
0.013590000000000001
0.01491
0.013049999999999999
0.012480000000000002
0.01107
0.01107
0.013320000000000002
0.012
0.01374
0.0126
0.01452
0.014610000000000001
0.014220000000000002
0.01323
0.03216
0.02061
0.0174
0.0135
0.01266
0.012480000000000002
0.013440000000000002
0.012419999999999999
0.011160000000000002
0.01038
0.01161
0.01173
0.01395
0.012750000000000001
0.00969
0.01098
0.047099999999999996
0.06093
0.05706
0.05385
0.06398999999999999
0.09036000000000001
0.12117
0.1464
0.1587
0.15597
0.15072000000000002
0.13914
0.12156000000000002
0.09846
0.07590000000000001
0.02088
0.01836
0.01317
0.01437
0.01614
0.01317
0.01524
0.0153
0.01488
0.01299
0.013080000000000001
0.01233
0.014190000000000001
0.01341
0.0129
0.01323
0.012029999999999999
0.01476
0.01524
0.0153
0.01479
0.014700000000000001
0.01488
0.014039999999999999
0.02265
0.01476
0.014700000000000001
0.01452
0.01473
0.01389
0.012450000000000001
0.01239
0.01176
0.0114
0.01008
0.010740000000000001
0.01017
0.01068
0.00948
0.01008
0.00876
0.013080000000000001
0.01188
0.01128
0.00966
0.00954
0.00936
0.0084
0.01095
0.011970000000000001
0.011940000000000001
0.01059
0.011519999999999999
0.009810000000000001
0.009089999999999999
0.01002
0.01065
0.01392
0.012450000000000001
0.01179
0.012870000000000001
0.014490000000000001
0.01272
0.012809999999999998
0.011970000000000001
0.01191
0.012240000000000001
0.057300000000000004
0.09435
0.10131000000000001
0.11205000000000001
0.13998
0.14352
0.14817
0.15369
0.15768000000000001
0.15912
0.15891
0.15927000000000002
0.15927000000000002
0.15945
0.13341
0.09906000000000001
0.03129
0.01266
0.0061200000000000004
0.00825
0.012450000000000001
0.00813
0.01056
0.00684
0.00783
0.00921
0.00846
0.01056
0.00786
0.00642
0.00864
0.007019999999999999
0.007350000000000001
0.00423
0.00801
0.00792
0.007110000000000001
0.01002
0.00786
0.00756
0.00642
0.00885
0.00924
0.00897
0.00897
0.00963
0.007050000000000001
0.00756
0.00789
0.00885
0.009779999999999999
0.0108
0.01053
0.01032
0.00888
0.00897
0.00915
0.0075899999999999995
0.007980000000000001
0.00792
0.009600000000000001
0.00843
0.00987
0.00897
0.01056
0.01083
0.0108
0.00906
0.009000000000000001
0.009089999999999999
0.010709999999999999
0.01125
0.00993
0.00885
0.009600000000000001
0.00804
0.00813
0.00693
0.00852
0.008790000000000001
0.00927
0.00714
0.00738
0.0061200000000000004
0.00606
0.00723
0.00726
0.00441
0.00591
0.00522
0.00783
0.00777
0.00645
0.00669
0.006660000000000001
0.00534
0.0053100000000000005
0.00582
0.00573
0.00585
0.00375
0.00402
0.004050000000000001
0.00348
0.0048000000000000004
0.00456
0.00369
0.0035099999999999997
0.00318
0.00456
0.0057599999999999995
0.00642
0.00567
0.00762
0.00744
0.0084
0.005580000000000001
0.00675
0.008220000000000002
0.00663
0.007410000000000001
0.0061200000000000004
0.00588
0.00594
0.00582
0.00687
0.00687
0.00726
0.00714
0.00756
0.00843
0.0072900000000000005
0.007470000000000001
0.00786
0.007110000000000001
0.00867
0.007110000000000001
0.00657
0.0075899999999999995
0.00813
0.00804
0.006149999999999999
0.01032
0.006600000000000001
0.007050000000000001
0.00813
0.01005
0.01068
0.01167
0.012929999999999999
0.01491
0.0165
0.01566
0.01659
0.01629
0.01548
0.01437
0.01551
0.01653
0.01725
0.01968
0.019440000000000002
0.02181
0.02946
0.02727
0.014669999999999999
0.01626
0.016710000000000003
0.01659
0.01608
0.01668
0.01797
0.01641
0.01575
0.01668
0.01689
0.01755
0.016980000000000002
0.01806
0.01827
0.01731
0.01755
0.021419999999999998
0.01953
0.02145
0.02358
0.00777
0.00855
0.00918
0.00936
0.007980000000000001
0.013049999999999999
0.01386
0.01206
0.00687
0.03606
0.0639
0.09171
0.11268
0.14439000000000002
0.14874
0.15147000000000002
0.15786
0.15969
0.1593
0.15957
0.15966
0.15947999999999998
0.15945
0.1482
0.12375
0.08567999999999999
0.031740000000000004
0.01413
0.00357
0.0016800000000000003
0.00408
0.00099
0.00402
0.0048000000000000004
0.0039900000000000005
0.00375
0.00396
0.00453
0.00264
0.00342
0.00456
0.0033300000000000005
0.00345
0.00459
0.005520000000000001
0.00519
0.00432
0.00717
0.007980000000000001
0.0084
0.006240000000000001
0.0061200000000000004
0.00885
0.00975
0.008790000000000001
0.00819
0.00855
0.00831
0.005370000000000001
0.006180000000000001
0.00543
0.00585
0.005580000000000001
0.00804
0.0045000000000000005
0.00642
0.00717
0.00819
0.00789
0.007529999999999999
0.00864
0.00756
0.01014
0.01251
0.01356
0.01272
0.014190000000000001
0.01539
0.01428
0.01491
0.01566
0.014700000000000001
0.013590000000000001
0.01362
0.01377
0.01437
0.01566
0.01326
0.01998
0.013980000000000001
0.014700000000000001
0.01551
0.014820000000000002
0.01284
0.01335
0.012090000000000002
0.013049999999999999
0.013980000000000001
0.0126
0.01329
0.01389
0.01791
0.01551
0.014429999999999998
0.01431
0.0153
0.014429999999999998
0.01566
0.017220000000000003
0.01632
0.01593
0.01473
0.01815
0.01704
0.01788
0.01728
0.0225
0.01689
0.01623
0.01662
0.01578
0.014429999999999998
0.012
0.01044
0.01134
0.00732
0.00609
0.00492
0.0030900000000000003
0.0015300000000000001
0.0016500000000000002
0.0015600000000000002
0.00108
0.00063
0.01353
0.018090000000000002
0.03132
0.05139
0.11585999999999999
0.15246
0.15813
0.1593
0.1593
0.15921
0.15921
0.14421
0.11343
0.07914
0.03435
0.01215
0.00594
0.0054600000000000004
0.00768
0.00639
0.0036
0.00717
0.0049499999999999995
0.00477
0.00504
0.00744
0.0078000000000000005
0.0070799999999999995
0.00678
0.00762
0.006540000000000001
0.0062699999999999995
0.00639
0.00771
0.009389999999999999
0.00771
0.009899999999999999
0.0102
0.01008
0.00951
0.00678
0.009300000000000001
0.0087
0.011550000000000001
0.012539999999999999
0.02397
0.014070000000000001
0.012750000000000001
0.012029999999999999
0.011850000000000001
0.01593
0.01548
0.01635
0.01491
0.016710000000000003
0.01977
0.02721
0.024569999999999998
0.02994
0.042210000000000004
0.06201000000000001
0.12510000000000002
0.13923
0.12969
0.10257
0.09003000000000001
0.07284
0.04209
0.02166
0.022350000000000002
0.02256
0.02004
0.01992
0.017580000000000002
0.01779
0.01602
0.017580000000000002
0.01848
0.01686
0.02028
0.02277
0.024720000000000002
0.024329999999999997
0.02517
0.02334
0.023700000000000002
0.02145
0.02529
0.042960000000000005
0.05427
0.05583
0.050280000000000005
0.04155
0.03642
0.03456
0.03492
0.02466
0.025650000000000003
0.02427
0.02466
0.02577
0.027660000000000004
0.02658
0.025140000000000003
0.025380000000000003
0.027299999999999998
0.03645
0.040920000000000005
0.04725
0.05973
0.06423
0.07788
0.08286
0.08346
0.08397
0.07050000000000001
0.04929
0.02976
0.0234
0.024960000000000003
0.022350000000000002
0.02199
0.02442
0.02136
0.0243
0.025109999999999997
0.02364
0.02577
0.025859999999999998
0.02478
0.02625
0.02679
0.02604
0.02442
0.02241
0.04623
0.09099
0.10506000000000001
0.1173
0.13665
0.14175000000000001
0.14532
0.15132
0.15797999999999998
0.15954000000000002
0.15951
0.15939
0.15939
0.15951
0.15984
0.16044
0.15567
0.1302
0.09375
0.03366
0.030390000000000004
0.02301
0.025589999999999998
0.02268
0.02313
0.02397
0.02532
0.02379
0.02238
0.02223
0.024059999999999998
0.02571
0.025859999999999998
0.024900000000000002
0.02619
0.02391
0.02196
0.02376
0.02277
0.02307
0.02298
0.02397
0.02298
0.02331
0.02196
0.020309999999999998
0.02226
0.02268
0.02238
0.02313
0.0222
0.02373
0.02346
0.0228
0.02292
0.02196
0.02229
0.02178
0.02415
0.024390000000000002
0.02436
0.024329999999999997
0.025859999999999998
0.026099999999999998
0.02682
0.024180000000000004
0.02478
0.026369999999999998
0.02532
0.02436
0.02556
0.02583
0.02502
0.02451
0.026880000000000005
0.027150000000000004
0.02628
0.027180000000000003
0.027150000000000004
0.025500000000000002
0.02649
0.026640000000000004
0.02595
0.02424
0.02397
0.0243
0.023549999999999998
0.02403
0.023190000000000002
0.02217
0.0234
0.02241
0.0243
0.024630000000000003
0.02544
0.02409
0.024180000000000004
0.024990000000000002
0.02346
0.02226
0.02244
0.02325
0.022590000000000002
0.02289
0.024480000000000002
0.026130000000000004
0.02367
0.02391
0.0225
0.02334
0.02268
0.02364
0.02118
0.02403
0.02475
0.02481
0.02409
0.02466
0.023700000000000002
0.027450000000000002
0.02754
0.02655
0.02874
0.031380000000000005
0.02412
0.028470000000000002
0.025740000000000002
0.03477
0.05025
0.10284
0.15264
0.15786
0.13644
0.08751
0.07755000000000001
0.06783
0.048780000000000004
0.01905
0.02397
0.02325
0.02493
0.02526
0.028589999999999997
0.02958
0.028890000000000002
0.02568
0.024480000000000002
0.02202
0.02469
0.02364
0.02556
0.02442
0.02382
0.02751
0.02364
0.02634
0.026400000000000003
0.02712
0.028200000000000003
0.02778
0.0285
0.02682
0.02655
0.0369
0.04473
0.050190000000000005
0.05088
0.057719999999999994
0.06842999999999999
0.07371
0.07656
0.08451
0.08592000000000001
0.07919999999999999
0.04797
0.03435
0.01968
0.02292
0.02181
0.022860000000000002
0.02325
0.023190000000000002
0.02187
0.024990000000000002
0.02307
0.023100000000000002
0.02229
0.02241
0.02271
0.024059999999999998
0.02442
0.02607
0.02568
0.02568
0.02706
0.025740000000000002
0.023700000000000002
0.02466
0.02454
0.04596
0.05298
0.05496
0.057929999999999995
0.05889
0.0687
0.07614
0.10164000000000001
0.13581000000000001
0.15381
0.15969
0.1557
0.14403
0.12846
0.11691
0.09534000000000001
0.07827
0.03606
0.03159
0.02478
0.02307
0.02379
0.02583
0.02724
0.028349999999999997
0.02841
0.02853
0.027299999999999998
0.027180000000000003
0.02805
0.02754
0.02622
0.0276
0.02571
0.02619
0.02736
0.026010000000000002
0.02289
0.025859999999999998
0.02649
0.027180000000000003
0.025410000000000002
0.02757
0.02856
0.0411
0.03183
0.0279
0.027450000000000002
0.02658
0.02841
0.025740000000000002
0.028859999999999997
0.02979
0.0297
0.0297
0.026160000000000003
0.02604
0.02649
0.0267
0.027960000000000002
0.027809999999999998
0.05352
0.0675
0.08928000000000001
0.10335000000000001
0.12207
0.14592
0.15033
0.15645
0.15984
0.15999
0.15987
0.15993000000000002
0.15636
0.14385
0.12489000000000001
0.10563
0.07329
0.03507
0.03699
0.027930000000000003
0.02697
0.02853
0.02805
0.0288
0.02607
0.026640000000000004
0.02649
0.02856
0.02823
0.028200000000000003
0.02862
0.028980000000000002
0.02802
0.029130000000000003
0.028980000000000002
0.030869999999999998
0.02982
0.029849999999999998
0.025109999999999997
0.02757
0.027180000000000003
0.029640000000000003
0.027930000000000003
0.030390000000000004
0.029490000000000002
0.029880000000000004
0.037200000000000004
0.03168
0.03051
0.03078
0.03099
0.02901
0.03171
0.02775
0.02907
0.0285
0.02946
0.02652
0.026130000000000004
0.02721
0.02811
0.02892
0.04437
0.03537
0.03318
0.03375
0.027960000000000002
0.028319999999999998
0.028319999999999998
0.028470000000000002
0.02802
0.027299999999999998
0.02802
0.028650000000000002
0.02817
0.03021
0.03483
0.058260000000000006
0.07245
0.08796
0.10779
0.1284
0.14637
0.15246
0.1587
0.15972
0.15978
0.15947999999999998
0.15609
0.14454
0.12603
0.09933
0.055380000000000006
0.032130000000000006
0.03384
0.026940000000000002
0.02367
0.025500000000000002
0.02571
0.02709
0.02631
0.029880000000000004
0.029670000000000002
0.02877
0.030180000000000002
0.027390000000000005
0.027960000000000002
0.02976
0.028829999999999998
0.027390000000000005
0.02784
0.0285
0.03003
0.0297
0.03159
0.03078
0.03234
0.031650000000000005
0.02994
0.03129
0.02919
0.029640000000000003
0.03219
0.039240000000000004
0.03132
0.03144
0.03021
0.03123
0.03153
0.031140000000000004
0.03075
0.029670000000000002
0.03033
0.0288
0.030180000000000002
0.03006
0.029609999999999997
0.0276
0.02787
0.02748
0.026880000000000005
0.024599999999999997
0.024390000000000002
0.02553
0.04494
0.05208
0.05991
0.05865
0.05373
0.05142
0.04803
0.04482
0.04407
0.0441
0.04326
0.03861
0.031200000000000002
0.030270000000000002
0.02676
0.02856
0.02772
0.028349999999999997
0.03102
0.02874
0.0267
0.025589999999999998
0.026400000000000003
0.026910000000000003
0.02547
0.02412
0.02658
0.026130000000000004
0.02655
0.027960000000000002
0.027660000000000004
0.06621
0.11123999999999999
0.11475
0.11706000000000001
0.13401000000000002
0.14433
0.14889000000000002
0.15324
0.15996
0.1605
0.16047
0.16044
0.16038
0.1602
0.16071
0.14403
0.11757
0.06426000000000001
0.03477
0.032940000000000004
0.02568
0.02571
0.02529
0.028079999999999997
0.028650000000000002
0.02604
0.027690000000000003
0.02598
0.025859999999999998
0.026640000000000004
0.028079999999999997
0.02697
0.026910000000000003
0.02517
0.025230000000000002
0.02403
0.02532
0.024569999999999998
0.0219
0.02244
0.02391
0.02412
0.024390000000000002
0.02655
0.027660000000000004
0.02631
0.0276
0.02748
0.027660000000000004
0.02853
0.02673
0.02706
0.02547
0.02676
0.026880000000000005
0.0258
0.0258
0.027420000000000003
0.026880000000000005
0.02547
0.02676
0.02673
0.028079999999999997
0.027
0.028470000000000002
0.02856
0.026010000000000002
0.025619999999999997
0.02619
0.024450000000000003
0.02754
0.02973
0.02823
0.02748
0.0276
0.02652
0.028140000000000002
0.027630000000000002
0.02595
0.02595
0.025859999999999998
0.02517
0.02679
0.025650000000000003
0.02655
0.0276
0.028710000000000003
0.025650000000000003
0.025410000000000002
0.02415
0.02604
0.02553
0.02547
0.02427
0.02556
0.02712
0.02493
0.028349999999999997
0.025920000000000002
0.024900000000000002
0.0258
0.02706
0.025859999999999998
0.027690000000000003
0.025380000000000003
0.02391
0.025410000000000002
0.026880000000000005
0.02658
0.03
0.02646
0.02724
0.02925
0.02811
0.027660000000000004
0.027660000000000004
0.02853
0.028859999999999997
0.029670000000000002
0.03426
0.029849999999999998
0.02973
0.033690000000000005
0.027930000000000003
0.02811
0.02811
0.0285
0.03129
0.0306
0.03216
0.04497
0.04512
0.037380000000000004
0.03399
0.04179
0.06348000000000001
0.08484
0.15942
0.16022999999999998
0.15864
0.15936
0.15072000000000002
0.14226
0.12546000000000002
0.10584
0.08567999999999999
0.0432
0.02904
0.02676
0.023700000000000002
0.0258
0.026940000000000002
0.030660000000000003
0.03078
0.03231
0.03144
0.03177
0.030180000000000002
0.03207
0.027630000000000002
0.027930000000000003
0.02811
0.02946
0.029490000000000002
0.030119999999999997
0.02571
0.02577
0.027
0.02532
0.03045
0.02727
0.02733
0.027630000000000002
0.02841
0.02805
0.03006
0.02952
0.030390000000000004
0.02772
0.03147
0.02604
0.02685
0.03357
0.02712
0.027390000000000005
0.02805
0.02277
0.02325
0.02373
0.024390000000000002
0.02403
0.02313
0.0234
0.02409
0.024869999999999996
0.04077
0.03732
0.061380000000000004
0.07572
0.12114000000000001
0.15206999999999998
0.1509
0.15987
0.15981
0.15480000000000002
0.15975
0.16011
0.15891
0.14318999999999998
0.13053
0.10472999999999999
0.06971999999999999
0.03354
0.03642
0.03153
0.02679
0.026130000000000004
0.02607
0.026609999999999998
0.025140000000000003
0.025109999999999997
0.02853
0.02853
0.02868
0.028710000000000003
0.028890000000000002
0.02931
0.0243
0.025650000000000003
0.028859999999999997
0.03024
0.0318
0.0303
0.030119999999999997
0.0267
0.02778
0.0276
0.028140000000000002
0.02895
0.02943
0.04224
0.02628
0.025920000000000002
0.02652
0.027
0.025380000000000003
0.026640000000000004
0.026369999999999998
0.02652
0.027420000000000003
0.02811
0.027150000000000004
0.029099999999999997
0.03021
0.02943
0.031170000000000003
0.03096
0.031650000000000005
0.030690000000000002
0.03297
0.03006
0.028470000000000002
0.02874
0.029670000000000002
0.02925
0.03057
0.02931
0.03216
0.050460000000000005
0.04629
0.04461
0.04902
0.0468
0.036000000000000004
0.028470000000000002
0.03198
0.02862
0.02823
0.02829
0.027630000000000002
0.030180000000000002
0.07164
0.10089000000000001
0.1218
0.14031000000000002
0.14307
0.14781000000000002
0.15054
0.15795
0.15914999999999999
0.15945
0.15315
0.14625
0.13815
0.12837
0.11796000000000001
0.09321
0.0495
0.0327
0.02904
0.02577
0.025740000000000002
0.027930000000000003
0.02925
0.02946
0.02862
0.026099999999999998
0.02928
0.02904
0.02826
0.026010000000000002
0.02604
0.02823
0.02754
0.02853
0.02892
0.02823
0.029609999999999997
0.02955
0.029220000000000003
0.0306
0.028859999999999997
0.03021
0.02778
0.02877
0.02721
0.048900000000000006
0.023880000000000002
0.02697
0.024059999999999998
0.0234
0.02061
0.020309999999999998
0.02103
0.02079
0.02217
0.021
0.0213
0.02229
0.02391
0.025740000000000002
0.02223
0.021840000000000002
0.0222
0.02529
0.02415
0.02607
0.02331
0.02505
0.0234
0.024390000000000002
0.02247
0.04398
0.04227
0.029910000000000003
0.024869999999999996
0.020220000000000002
0.018600000000000002
0.02055
0.01866
0.02055
0.02058
0.01863
0.01977
0.01821
0.01992
0.02052
0.02295
0.04773
0.06323999999999999
0.08424
0.09393
0.11939999999999999
0.14322000000000001
0.14793
0.15228
0.15918000000000002
0.15936
0.15987
0.15906
0.15942
0.15411
0.12996
0.09543
0.04548
0.025380000000000003
0.026160000000000003
0.01794
0.019350000000000003
0.01815
0.01848
0.01896
0.019350000000000003
0.02052
0.01755
0.02004
0.0219
0.020700000000000003
0.02199
0.02295
0.02385
0.02238
0.02343
0.02349
0.02403
0.02415
0.025079999999999998
0.024180000000000004
0.02313
0.02043
0.02262
0.025740000000000002
0.024390000000000002
0.02436
0.02397
0.02109
0.023549999999999998
0.021840000000000002
0.02166
0.02265
0.02316
0.022320000000000003
0.0225
0.02085
0.02238
0.021
0.0189
0.021929999999999998
0.021570000000000002
0.02094
0.01977
0.02064
0.0213
0.02082
0.01887
0.02121
0.02064
0.019350000000000003
0.01953
0.02106
0.02229
0.026099999999999998
0.02202
0.02118
0.02109
0.02076
0.020220000000000002
0.02049
0.01977
0.02034
0.0195
0.02655
0.02058
0.0177
0.01965
0.02151
0.020220000000000002
0.020460000000000002
0.02034
0.01776
0.01893
0.01821
0.01839
0.01773
0.02052
0.02202
0.021330000000000002
0.024059999999999998
0.024720000000000002
0.040920000000000005
0.04929
0.06333
0.0747
0.10467
0.12708
0.1557
0.15903
0.1599
0.15999
0.16017
0.15981
0.15975
0.13968
0.1173
0.08925
0.03285
0.028440000000000003
0.02013
0.02115
0.02349
0.02316
0.024450000000000003
0.021750000000000002
0.02202
0.02325
0.0252
0.026910000000000003
0.02655
0.024869999999999996
0.024869999999999996
0.02754
0.02526
0.02646
0.02325
0.024599999999999997
0.02352
0.02214
0.02358
0.02277
0.02415
0.024480000000000002
0.0234
0.023549999999999998
0.02313
0.02385
0.02646
0.028200000000000003
0.02598
0.024869999999999996
0.02553
0.02607
0.03072
0.04488
0.03228
0.02874
0.02874
0.028140000000000002
0.02952
0.029910000000000003
0.030390000000000004
0.0303
0.02862
0.029160000000000002
0.028980000000000002
0.02946
0.02997
0.03153
0.02928
0.02682
0.02544
0.02598
0.02625
0.02622
0.02727
0.027150000000000004
0.02577
0.02622
0.02706
0.02811
0.05466
0.06144
0.06021
0.04431
0.03387
0.030630000000000004
0.030630000000000004
0.029849999999999998
0.031619999999999995
0.029130000000000003
0.030359999999999998
0.0279
0.02757
0.0276
0.02754
0.02829
0.02595
0.027660000000000004
0.059820000000000005
0.07875
0.08628000000000001
0.10068
0.11435999999999999
0.13353
0.14685
0.15797999999999998
0.15993000000000002
0.15960000000000002
0.1599
0.15387
0.13983
0.11435999999999999
0.07698
0.03048
0.03159
0.02724
0.02568
0.0267
0.02391
0.024869999999999996
0.02976
0.03006
0.030869999999999998
0.02895
0.030270000000000002
0.02994
0.02997
0.02775
0.029339999999999998
0.028650000000000002
0.02928
0.02646
0.028829999999999998
0.027420000000000003
0.028140000000000002
0.027299999999999998
0.02787
0.024990000000000002
0.02826
0.02904
0.04656
0.02748
0.02634
0.028650000000000002
0.028589999999999997
0.0252
0.025230000000000002
0.024839999999999997
0.02787
0.028440000000000003
0.03072
0.02754
0.02655
0.030869999999999998
0.029369999999999997
0.02952
0.02901
0.02841
0.0288
0.03003
0.02901
0.02901
0.02727
0.029910000000000003
0.02751
0.027690000000000003
0.02862
0.030660000000000003
0.02982
0.03678
0.03789
0.04467
0.06705000000000001
0.1038
0.12336
0.14265
0.1527
0.14181000000000002
0.15645
0.15969
0.15987
0.15975
0.14184
0.12804000000000001
0.11688000000000001
0.09189
0.055920000000000004
0.03969
0.0345
0.02757
0.02856
0.02826
0.02901
0.02901
0.03003
0.03129
0.03195
0.02997
0.02868
0.03003
0.030359999999999998
0.029220000000000003
0.029880000000000004
0.024869999999999996
0.029880000000000004
0.0297
0.0318
0.02958
0.03105
0.02907
0.0297
0.024390000000000002
0.026099999999999998
0.027180000000000003
0.02658
0.02709
0.02505
0.02748
0.026130000000000004
0.02757
0.02547
0.02736
0.03798
0.03147
0.02532
0.02619
0.02772
0.02748
0.025740000000000002
0.026130000000000004
0.028710000000000003
0.02943
0.029910000000000003
0.030420000000000003
0.02994
0.02841
0.02817
0.027930000000000003
0.05088
0.07767
0.10515
0.11706000000000001
0.13104
0.14541
0.15165
0.15831
0.15969
0.15572999999999998
0.13287
0.11406000000000001
0.0873
0.056760000000000005
0.023370000000000002
0.0285
0.02631
0.024900000000000002
0.025650000000000003
0.02619
0.02703
0.025920000000000002
0.0267
0.026160000000000003
0.028319999999999998
0.02802
0.02736
0.027809999999999998
0.02892
0.027420000000000003
0.027690000000000003
0.0285
0.030900000000000004
0.027809999999999998
0.02583
0.02676
0.027420000000000003
0.02778
0.026609999999999998
0.025740000000000002
0.024599999999999997
0.026130000000000004
0.026670000000000003
0.024869999999999996
0.02481
0.025650000000000003
0.026130000000000004
0.025890000000000003
0.025380000000000003
0.02673
0.027930000000000003
0.025589999999999998
0.02682
0.02784
0.02649
0.029220000000000003
0.030390000000000004
0.029490000000000002
0.03099
0.031349999999999996
0.030690000000000002
0.028589999999999997
0.0303
0.029130000000000003
0.031619999999999995
0.03024
0.03258
0.030150000000000003
0.029220000000000003
0.02928
0.031170000000000003
0.031200000000000002
0.02994
0.02721
0.028440000000000003
0.03006
0.02982
0.030119999999999997
0.030869999999999998
0.029640000000000003
0.030900000000000004
0.03
0.02997
0.029369999999999997
0.02775
0.02772
0.02787
0.027960000000000002
0.02895
0.028859999999999997
0.028980000000000002
0.030930000000000003
0.030150000000000003
0.02595
0.02805
0.03006
0.035250000000000004
0.03495
0.032880000000000006
0.030900000000000004
0.030900000000000004
0.030180000000000002
0.0279
0.02895
0.02931
0.030359999999999998
0.02943
0.02943
0.04374
0.04752
0.05784
0.0786
0.10077000000000001
0.12603
0.14919
0.15276
0.15771000000000002
0.15947999999999998
0.15960000000000002
0.15978
0.15654
0.13943999999999998
0.11367000000000001
0.05865
0.02976
0.0279
0.02907
0.02622
0.02679
0.025140000000000003
0.023039999999999998
0.02631
0.0225
0.02316
0.02334
0.023700000000000002
0.023549999999999998
0.02721
0.025650000000000003
0.02568
0.02655
0.0252
0.024630000000000003
0.026609999999999998
0.02556
0.02493
0.02676
0.026609999999999998
0.02709
0.02577
0.02481
0.02478
0.05088
0.040530000000000004
0.03057
0.03126
0.03072
0.02955
0.027960000000000002
0.02853
0.02553
0.027450000000000002
0.025619999999999997
0.02727
0.02733
0.027809999999999998
0.030359999999999998
0.03003
0.02946
0.029160000000000002
0.029849999999999998
0.0303
0.02895
0.02799
0.028319999999999998
0.02841
0.027809999999999998
0.028859999999999997
0.02853
0.029490000000000002
0.02943
0.030930000000000003
0.03009
0.02862
0.027660000000000004
0.02841
0.02952
0.058440000000000006
0.06738000000000001
0.057420000000000006
0.05238
0.050760000000000007
0.07245
0.09579
0.12942
0.13446
0.13158
0.12174
0.1068
0.0888
0.07263
0.0345
0.03276
0.02874
0.02958
0.02904
0.030630000000000004
0.02997
0.03216
0.02826
0.03054
0.02943
0.029400000000000003
0.028140000000000002
0.026160000000000003
0.03096
0.029490000000000002
0.02892
0.03021
0.028829999999999998
0.030660000000000003
0.02958
0.02907
0.031650000000000005
0.030150000000000003
0.0525
0.07707
0.09153
0.09306
0.10031999999999999
0.10863
0.12480000000000001
0.14604
0.15804
0.15999
0.15975
0.1599
0.15453
0.13668
0.11102999999999999
0.08517000000000001
0.03381
0.03468
0.028980000000000002
0.02607
0.02532
0.02682
0.027809999999999998
0.029099999999999997
0.0279
0.02928
0.029099999999999997
0.02925
0.030119999999999997
0.03003
0.03282
0.0327
0.03123
0.03102
0.029369999999999997
0.03057
0.031740000000000004
0.03021
0.029640000000000003
0.028200000000000003
0.02811
0.02892
0.030180000000000002
0.04833
0.05187
0.037680000000000005
0.03075
0.05235
0.059070000000000004
0.04473
0.03807
0.03933
0.032880000000000006
0.03195
0.030420000000000003
0.03153
0.030390000000000004
0.030930000000000003
0.029369999999999997
0.03132
0.031619999999999995
0.031740000000000004
0.033
0.03273
0.031920000000000004
0.028859999999999997
0.030150000000000003
0.0303
0.03258
0.0321
0.030900000000000004
0.029640000000000003
0.03054
0.03177
0.031200000000000002
0.03225
0.03276
0.030930000000000003
0.02877
0.028200000000000003
0.02706
0.02811
0.05406
0.06684000000000001
0.09231
0.10002000000000001
0.11606999999999999
0.14568
0.15009
0.15441
0.15906
0.15996
0.15999
0.15996
0.16005
0.15987
0.15762
0.12447000000000001
0.08907000000000001
0.02994
0.029880000000000004
0.026940000000000002
0.02604
0.025619999999999997
0.02754
0.02595
0.02625
0.02409
0.02673
0.025740000000000002
0.025619999999999997
0.02862
0.02805
0.02709
0.02466
0.024630000000000003
0.02631
0.025500000000000002
0.02802
0.0288
0.02853
0.028890000000000002
0.03021
0.026400000000000003
0.02736
0.02946
0.02994
0.02658
0.02862
0.02727
0.02811
0.02583
0.025859999999999998
0.024900000000000002
0.02478
0.027630000000000002
0.02751
0.02697
0.02655
0.028140000000000002
0.02646
0.02631
0.02754
0.027420000000000003
0.02862
0.028440000000000003
0.02904
0.030390000000000004
0.028349999999999997
0.02682
0.02712
0.0276
0.03045
0.02856
0.02874
0.02907
0.028380000000000002
0.027420000000000003
0.02607
0.02682
0.0288
0.028710000000000003
0.02673
0.029369999999999997
0.029220000000000003
0.02952
0.02862
0.02943
0.03399
0.03183
0.03357
0.03033
0.03009
0.029880000000000004
0.03057
0.02931
0.02919
0.030270000000000002
0.02841
0.02772
0.027630000000000002
0.02784
0.025380000000000003
0.02568
0.02673
0.02493
0.02556
0.028589999999999997
0.028589999999999997
0.02868
0.025349999999999998
0.028140000000000002
0.026910000000000003
0.02826
0.02655
0.026400000000000003
0.02685
0.026609999999999998
0.02391
0.02598
0.025740000000000002
0.025920000000000002
0.025140000000000003
0.02619
0.027809999999999998
0.02748
0.02841
0.0336
0.03546
0.03597
0.02979
0.03075
0.04035
0.07614
0.13665
0.13956000000000002
0.13329
0.10863
0.11505000000000001
0.10476
0.08454
0.06231
0.030420000000000003
0.02748
0.026940000000000002
0.026609999999999998
0.02784
0.026640000000000004
0.028079999999999997
0.02442
0.0276
0.027630000000000002
0.02907
0.02901
0.02757
0.027930000000000003
0.028589999999999997
0.024450000000000003
0.025650000000000003
0.02622
0.026130000000000004
0.027690000000000003
0.044640000000000006
0.03453
0.03318
0.02658
0.026640000000000004
0.02826
0.02757
0.02583
0.0252
0.024839999999999997
0.026130000000000004
0.025589999999999998
0.02598
0.02754
0.027
0.026609999999999998
0.02634
0.03147
0.032880000000000006
0.037200000000000004
0.048659999999999995
0.10134
0.0918
0.10254
0.12197999999999999
0.14937
0.15366
0.15960000000000002
0.15966
0.15960000000000002
0.15852000000000002
0.14043
0.12435000000000002
0.10725
0.07929
0.03492
0.039599999999999996
0.03426
0.030660000000000003
0.027450000000000002
0.02628
0.0252
0.02556
0.02652
0.03006
0.02868
0.03057
0.029369999999999997
0.02829
0.028980000000000002
0.02757
0.02799
0.02829
0.026010000000000002
0.027809999999999998
0.02919
0.03048
0.03033
0.02997
0.02817
0.03009
0.029130000000000003
0.028980000000000002
0.02877
0.02868
0.028980000000000002
0.0423
0.026160000000000003
0.028710000000000003
0.025920000000000002
0.0267
0.0276
0.02748
0.02853
0.030150000000000003
0.03024
0.03123
0.03024
0.029130000000000003
0.03156
0.03105
0.0288
0.03204
0.03144
0.031619999999999995
0.04923
0.07923000000000001
0.1212
0.11918999999999999
0.12306000000000002
0.12756
0.12927000000000002
0.12327000000000002
0.10449
0.07823999999999999
0.03867
0.03372
0.03504
0.03084
0.02829
0.0318
0.02994
0.028980000000000002
0.03111
0.03054
0.031380000000000005
0.030690000000000002
0.03132
0.031380000000000005
0.031170000000000003
0.029640000000000003
0.054
0.06195
0.06408
0.06006
0.05685
0.054329999999999996
0.049170000000000005
0.06537
0.05064
0.04308
0.04596
0.04212
0.028079999999999997
0.02976
0.028589999999999997
0.0303
0.029670000000000002
0.030900000000000004
0.027420000000000003
0.029609999999999997
0.025380000000000003
0.02862
0.07464
0.09924
0.10632
0.11943000000000001
0.14352
0.14856000000000003
0.15252000000000002
0.15858
0.15954000000000002
0.15984
0.15996
0.16002000000000002
0.14529
0.12093000000000001
0.08418
0.03522
0.034859999999999995
0.030930000000000003
0.030630000000000004
0.025740000000000002
0.02811
0.026400000000000003
0.028470000000000002
0.0276
0.02805
0.02607
0.02724
0.02658
0.02817
0.02784
0.02703
0.02403
0.02598
0.026609999999999998
0.02583
0.02817
0.026369999999999998
0.02493
0.02577
0.02841
0.0279
0.02895
0.02853
0.02703
0.027960000000000002
0.028140000000000002
0.02649
0.02757
0.027450000000000002
0.02712
0.02856
0.02868
0.02751
0.028200000000000003
0.02946
0.0288
0.02679
0.02772
0.02817
0.028589999999999997
0.02712
0.02709
0.02628
0.026430000000000002
0.025890000000000003
0.02595
0.025740000000000002
0.025349999999999998
0.024990000000000002
0.02727
0.025890000000000003
0.028440000000000003
0.03549
0.02712
0.02658
0.0267
0.0279
0.02829
0.028859999999999997
0.02583
0.02733
0.0279
0.03045
0.02862
0.04581
0.05856
0.06519
0.06909
0.08621999999999999
0.11325
0.13458
0.1527
0.15834
0.15981
0.15981
0.15975
0.15975
0.14397000000000001
0.123
0.09630000000000001
0.058679999999999996
0.03558
0.03105
0.02241
0.02247
0.02265
0.02298
0.02391
0.02652
0.02475
0.02748
0.030119999999999997
0.029099999999999997
0.03132
0.02874
0.02874
0.02748
0.02907
0.03084
0.02874
0.03147
0.029609999999999997
0.03219
0.031140000000000004
0.03111
0.02856
0.027660000000000004
0.03234
0.03126
0.03399
0.04791
0.02958
0.03
0.02787
0.028589999999999997
0.03108
0.030420000000000003
0.03108
0.03207
0.02862
0.02727
0.03156
0.028859999999999997
0.029369999999999997
0.03156
0.02973
0.030390000000000004
0.02862
0.029369999999999997
0.02877
0.03009
0.025890000000000003
0.02757
0.02709
0.02811
0.02583
0.024569999999999998
0.02907
0.03258
0.050730000000000004
0.03993
0.0477
0.05238
0.04539000000000001
0.03966
0.0426
0.04497
0.04965000000000001
0.04113000000000001
0.02679
0.03216
0.031740000000000004
0.03246
0.03195
0.031140000000000004
0.03054
0.03102
0.052110000000000004
0.08724
0.10335000000000001
0.12068999999999999
0.13701000000000002
0.14553
0.14979
0.15389999999999998
0.15906
0.15978
0.16017
0.16022999999999998
0.16011
0.16017
0.15087
0.12894
0.08907000000000001
0.029369999999999997
0.03144
0.02553
0.025140000000000003
0.027390000000000005
0.026160000000000003
0.02544
0.02895
0.027960000000000002
0.02625
0.027809999999999998
0.02928
0.02829
0.029400000000000003
0.02841
0.02868
0.03009
0.030660000000000003
0.03081
0.02679
0.024480000000000002
0.026670000000000003
0.02607
0.02607
0.02727
0.03246
0.02712
0.027930000000000003
0.02517
0.02415
0.02409
0.025920000000000002
0.02442
0.02493
0.024900000000000002
0.025109999999999997
0.025920000000000002
0.02595
0.025619999999999997
0.02727
0.02802
0.028349999999999997
0.02679
0.028710000000000003
0.028710000000000003
0.0276
0.026609999999999998
0.02799
0.027420000000000003
0.026940000000000002
0.02877
0.02829
0.027180000000000003
0.02892
0.0297
0.03081
0.028710000000000003
0.027
0.029160000000000002
0.02631
0.027450000000000002
0.030420000000000003
0.02751
0.029339999999999998
0.028980000000000002
0.028319999999999998
0.02952
0.02787
0.027690000000000003
0.02727
0.02697
0.026369999999999998
0.02724
0.02706
0.02775
0.02904
0.02679
0.030150000000000003
0.031140000000000004
0.03156
0.029640000000000003
0.02901
0.03111
0.02895
0.03051
0.029099999999999997
0.026400000000000003
0.025920000000000002
0.025410000000000002
0.02994
0.029880000000000004
0.03099
0.030660000000000003
0.0306
0.03102
0.029880000000000004
0.03054
0.03168
0.029609999999999997
0.0297
0.0303
0.029130000000000003
0.029160000000000002
0.03231
0.04929
0.1065
0.15201
0.12797999999999998
0.11667000000000001
0.08721
0.08103
0.08892
0.09651000000000001
0.12243000000000001
0.12939
0.12645
0.10968000000000001
0.08673
0.06861
0.03249
0.03657
0.02685
0.027450000000000002
0.025740000000000002
0.02673
0.024180000000000004
0.02556
0.02673
0.028589999999999997
0.028380000000000002
0.027960000000000002
0.027299999999999998
0.02721
0.02943
0.02817
0.028140000000000002
0.02904
0.02757
0.03216
0.03177
0.03072
0.029609999999999997
0.02817
0.02853
0.05217
0.05916
0.0609
0.05235
0.047130000000000005
0.04461
0.041940000000000005
0.04473
0.03729
0.025650000000000003
0.027660000000000004
0.026130000000000004
0.02292
0.02577
0.026910000000000003
0.030119999999999997
0.0276
0.02736
0.023940000000000003
0.02658
0.026099999999999998
0.02658
0.02817
0.04872
0.06798
0.08094
0.08649
0.10689000000000001
0.12606
0.14979
0.15464999999999998
0.15888
0.15993000000000002
0.15999
0.15996
0.15984
0.15960000000000002
0.14193
0.1173
0.07161000000000001
0.03456
0.03492
0.022830000000000003
0.023370000000000002
0.025589999999999998
0.02307
0.024630000000000003
0.024390000000000002
0.02646
0.026369999999999998
0.02712
0.02595
0.02799
0.02577
0.02778
0.02685
0.02919
0.02805
0.026400000000000003
0.02982
0.029640000000000003
0.029369999999999997
0.026099999999999998
0.024180000000000004
0.02526
0.027809999999999998
0.026010000000000002
0.02619
0.02475
0.02571
0.025410000000000002
0.0252
0.026400000000000003
0.02673
0.02466
0.02595
0.0228
0.02367
0.02151
0.021840000000000002
0.02088
0.0216
0.02223
0.02526
0.024599999999999997
0.026609999999999998
0.026099999999999998
0.024990000000000002
0.02577
0.02454
0.02331
0.024329999999999997
0.025500000000000002
0.025109999999999997
0.025380000000000003
0.02895
0.029160000000000002
0.027809999999999998
0.02868
0.027960000000000002
0.028859999999999997
0.029130000000000003
0.02823
0.02946
0.03126
0.029400000000000003
0.029339999999999998
0.028650000000000002
0.0318
0.03126
0.03105
0.039900000000000005
0.035160000000000004
0.03612
0.028980000000000002
0.03
0.026640000000000004
0.027
0.02577
0.027150000000000004
0.02775
0.02751
0.02784
0.026880000000000005
0.025230000000000002
0.02724
0.10776000000000001
0.14367
0.1284
0.10506000000000001
0.11235
0.12111
0.13992000000000002
0.14661
0.14361
0.12722999999999998
0.10836
0.08991
0.06732
0.034140000000000004
0.03384
0.024450000000000003
0.025410000000000002
0.026670000000000003
0.02772
0.024480000000000002
0.02604
0.025230000000000002
0.02478
0.022830000000000003
0.02577
0.024720000000000002
0.02478
0.0234
0.027299999999999998
0.02805
0.0288
0.02247
0.02451
0.02493
0.03327
0.02802
0.02901
0.026880000000000005
0.028319999999999998
0.0276
0.025500000000000002
0.027960000000000002
0.02676
0.024720000000000002
0.028140000000000002
0.0315
0.03936
0.030420000000000003
0.02829
0.02853
0.026099999999999998
0.02925
0.02829
0.02679
0.02682
0.02817
0.02802
0.03177
0.033150000000000006
0.06897
0.10047
0.12822
0.15126
0.14997000000000002
0.14973
0.15872999999999998
0.15960000000000002
0.15981
0.15984
0.16005
0.15933
0.14499
0.12147000000000001
0.08193
0.03825
0.024599999999999997
0.01836
0.0144
0.014429999999999998
0.012809999999999998
0.01605
0.013080000000000001
0.01479
0.01377
0.01284
0.012360000000000001
0.011040000000000001
0.009810000000000001
0.00975
0.01002
0.00921
0.00963
0.009389999999999999
0.008610000000000001
0.01119
0.00966
0.01032
0.0114
0.013320000000000002
0.00924
0.01056
0.0114
0.01176
0.01098
0.01176
0.01329
0.01377
0.014429999999999998
0.01473
0.008610000000000001
0.00717
0.00996
0.00825
0.00945
0.01089
0.01128
0.012960000000000001
0.01032
0.01101
0.0117
0.01083
0.01485
0.00918
0.00996
0.0105
0.01302
0.00675
0.01014
0.00807
0.009000000000000001
0.00786
0.00933
0.01002
0.01599
0.011850000000000001
0.01239
0.01239
0.01266
0.03597
0.048929999999999994
0.06546
0.10824
0.13083
0.15537
0.16017
0.16047
0.15885000000000002
0.14715
0.12906
0.11454
0.07929
0.03582
0.02748
0.02787
0.024059999999999998
0.024059999999999998
0.025890000000000003
0.02517
0.02634
0.025920000000000002
0.02901
0.02721
0.02994
0.02583
0.029640000000000003
0.028200000000000003
0.028380000000000002
0.02595
0.026910000000000003
0.02544
0.026430000000000002
0.02625
0.02778
0.02568
0.02301
0.024569999999999998
0.024869999999999996
0.02724
0.0276
0.028710000000000003
0.02877
0.03096
0.03102
0.05397
0.04257
0.03195
0.02823
0.02976
0.027930000000000003
0.028200000000000003
0.02775
0.027930000000000003
0.02709
0.02877
0.02931
0.030119999999999997
0.02721
0.026880000000000005
0.02994
0.028440000000000003
0.02919
0.03102
0.03021
0.02829
0.02784
0.02295
0.02199
0.02862
0.05004
0.05418
0.05382000000000001
0.05430000000000001
0.05115
0.05295
0.051239999999999994
0.04227
0.03864
0.01887
0.014490000000000001
0.014940000000000002
0.01566
0.014700000000000001
0.01875
0.01641
0.01815
0.01788
0.01677
0.017580000000000002
0.0225
0.02052
0.02025
0.03051
0.11198999999999999
0.11292
0.12510000000000002
0.14196
0.14814000000000002
0.15294
0.15852000000000002
0.1599
0.1593
0.15984
0.15921
0.15975
0.15945
0.15324
