0.0
0.014999999999999998
0.029999999999999995
0.0
0.0
0.38
2.7299999999999995
3.3150000000000004
3.3775000000000004
3.415
3.59
3.1299999999999994
2.7425
1.8075
1.1875
0.0
0.0
0.0
0.0
0.0
0.0
0.0
0.0
0.0
2.2775
4.55
6.755000000000001
7.807500000000001
9.9125
12.0925
12.325
12.87
13.1275
13.227499999999997
13.2525
13.225
13.2175
11.855
8.655
4.705
0.0
0.295
0.0
0.0
0.0
0.0
0.0
0.0
0.0
0.0275
0.0
0.0
0.0
0.0
0.0
0.0
0.0
0.0
0.0
0.0
0.0
0.0
0.0
0.0
0.0
0.0
0.0
0.0
0.0
0.0
0.0
0.0
0.0
0.0
0.0
0.0
0.0
0.0
0.0
0.0
0.0
0.0
0.0
0.0225
0.3625
0.0
0.15
0.0
0.115
0.029999999999999995
0.0775
0.0
0.0025
0.045
0.1325
0.0
0.007499999999999999
0.0
0.0
0.0
0.0
0.0
0.0
0.0
0.0
0.0
0.0
3.1574999999999998
5.455
6.945000000000001
9.0675
11.0175
12.1625
12.475
12.949999999999998
13.1925
13.25
13.235
12.214999999999998
9.6825
5.702499999999999
0.9500000000000001
0.0
0.0
0.0
0.0
0.0
0.0
0.0
0.0
0.0
0.0
0.0
0.0
0.0
0.0
0.0
0.0
0.0
0.0
0.0
0.0
0.0
0.0
0.0
0.0
0.0
0.0425
0.0025
0.014999999999999998
0.11
0.1375
0.1575
0.0975
0.0475
0.0525
0.135
0.05999999999999999
0.025
0.05
0.055
0.0
0.0
0.0
0.0
0.0
0.0
0.0
0.0
0.0
0.0
0.0
0.0
0.0
0.035
0.0
0.0425
0.04
0.0
0.045
0.0925
0.1425
0.1575
0.145
0.029999999999999995
0.10749999999999998
0.10749999999999998
0.0475
0.0
0.0
0.0
0.0
0.0
0.0
0.0
0.0
0.0
0.0
0.0
0.0
0.0
0.0
0.0
0.0
0.0
0.0
0.0
0.0
0.0
0.0
0.0
0.0
0.0
0.0
0.0
0.0
0.0
0.065
0.1025
0.0775
0.1125
0.0525
0.0
0.0
0.045
0.0
0.0
0.02
0.014999999999999998
0.0
0.0775
0.3
0.007499999999999999
0.4225
0.8274999999999999
0.6225
0.1975
0.6075
1.375
1.97
1.8425
1.51
2.08
3.4475
4.4
7.94
11.115
12.5775
13.0725
12.6975
11.255
9.2675
6.4375
3.1725
0.39250000000000007
0.39250000000000007
0.0
0.0025
0.0375
0.0375
0.0
0.02
0.0925
0.0
0.0
0.0
0.0
0.0
0.0
0.0
0.0
0.0
0.0
0.0
0.0
0.0
0.1175
0.1375
0.23
0.23250000000000004
0.39
0.11999999999999998
0.1675
0.18750000000000003
0.21250000000000002
0.1925
0.17
0.014999999999999998
0.105
0.21250000000000002
0.355
0.21
0.23250000000000004
0.46
1.6225
0.3675
0.3625
0.3075
0.3
0.2925
0.285
0.37
0.39250000000000007
0.49
0.2075
0.3375
0.1475
0.275
0.4725
0.47
0.4225
0.4125
0.4925
0.655
0.83
0.765
0.8724999999999999
8.565
8.085
10.47
10.1025
10.82
11.7275
12.4525
13.13
13.225
12.650000000000002
11.619999999999997
9.1875
5.87
2.33
0.7775
1.02
0.765
0.51
0.78
0.7625
0.6824999999999999
0.645
0.5875
0.5775
0.485
0.5
0.5525
0.4925
0.54
0.555
0.39749999999999996
0.485
0.2725
0.365
0.5525
0.65
0.7175000000000001
0.76
0.7824999999999999
0.855
0.7875
0.755
0.595
0.5575
0.5775
0.67
0.6475
0.7425
0.89
0.625
0.8425
0.7850000000000001
1.1175
0.8149999999999998
0.68
0.6850000000000002
1.51
5.6725
11.15
12.152500000000002
13.1525
12.78
11.502499999999998
10.215
7.9425
5.06
1.045
1.1875
0.845
0.765
0.9075
0.7525
0.8425
0.88
0.81
0.62
0.4650000000000001
0.4775
0.53
0.55
0.5975
0.72
0.6675
0.7225
0.51
0.5625
0.5425
1.375
3.2575
2.7175
2.2275
1.715
1.3725
1.4325
0.5125
0.77
0.44750000000000006
0.5225
0.4775
0.5775
0.635
0.8175000000000001
0.5375
0.6850000000000002
0.7
0.7725000000000001
0.82
0.7500000000000001
0.7475
0.7525
0.71
0.65
2.96
4.9675
6.295
8.135
10.755
11.98
12.3625
12.76
13.1675
13.255
13.2475
13.267499999999998
12.185
9.92
5.945
2.0025
0.805
0.555
0.6375
0.6525
0.74
0.535
0.32
0.485
0.3775
0.5525
0.525
0.635
0.72
0.765
0.6275
0.7675
0.5975
0.675
0.725
0.6675
0.7949999999999999
0.7949999999999999
0.7525
0.7925
0.8575
0.725
0.74
0.81
0.5825
0.665
0.5675
0.6925
0.7325
0.8149999999999998
1.1225
1.13
1.25
1.0475
0.7850000000000001
0.755
0.845
0.725
0.8025
1.465
1.4575000000000002
1.405
0.7175000000000001
0.71
0.84
0.79
0.9375
0.9375
2.105
2.03
3.4325
3.99
5.555
8.42
10.3925
12.0425
12.582499999999998
12.124999999999998
10.9375
9.7125
7.74
5.809999999999999
2.5675
0.7824999999999999
1.1025
0.535
0.4625
0.5425
0.7949999999999999
1.0325
0.8575
0.7675
0.635
0.6025
0.6850000000000002
0.7725000000000001
0.7775
0.775
0.7775
0.745
0.735
0.675
0.7575
1.7449999999999999
0.6325
0.7525
0.6625
0.835
0.8075
0.8025
0.7675
0.8175000000000001
0.65
0.63
1.44
1.0525
0.7500000000000001
0.8599999999999999
1.1425
0.8825000000000001
1.0375
1.0875
0.9925
0.9475
0.955
3.0125
4.6475
5.8525
7.52
9.59
11.9775
12.315
12.725
13.135
13.245
13.235
13.12
11.865
9.775
6.6225
2.3875
1.7250000000000003
1.53
1.0475
0.87
0.9
0.6375
0.805
0.9825
0.97
0.9724999999999999
0.97
0.7625
0.875
0.6275
0.755
0.87
1.045
0.8724999999999999
0.835
0.7025
0.84
0.7475
0.755
0.755
0.9
0.7975
1.01
0.9375
0.9
0.6824999999999999
0.885
0.7274999999999999
0.8724999999999999
0.765
0.71
0.6625
0.6725000000000001
0.735
1.1325
1.87
0.8375
0.9075
1.005
0.8875
0.9599999999999999
0.8625000000000002
0.7475
0.8950000000000001
0.7050000000000001
0.7075
0.8225
0.765
0.82
0.87
1.0175
0.955
0.8825000000000001
1.0
0.9500000000000001
1.005
0.71
0.64
0.84
0.77
0.81
0.8149999999999998
0.84
1.085
1.2
1.035
1.1675
1.1675
1.115
3.4475
4.6425
7.105
8.285
10.455000000000002
12.0075
12.3075
12.695
13.239999999999998
13.255
13.232500000000002
13.2375
12.949999999999998
11.209999999999999
8.6775
4.8725
0.6975
1.5899999999999999
1.035
0.7175000000000001
0.9300000000000002
0.7575
0.975
0.9274999999999999
0.7149999999999999
0.8724999999999999
0.8475
0.665
0.5025
0.5775
0.4325
0.51
0.6875
0.6975
0.7850000000000001
0.8924999999999998
0.9
0.835
0.7475
0.7325
0.6975
0.8475
0.8075
0.8575
0.71
0.775
0.7949999999999999
1.0
0.885
0.925
0.6675
0.6975
0.6425
0.58
0.63
0.8125
0.8825000000000001
2.105
2.235
2.375
1.71
1.3700000000000003
1.965
1.195
0.855
0.855
0.8149999999999998
1.0375
3.5525
5.095
5.7325
6.535
7.53
8.7925
10.37
11.750000000000002
12.1
11.3575
10.1025
7.865
5.7775
2.0975
1.2125
0.91
0.73
0.7375
0.565
0.5625
0.7274999999999999
0.67
0.7175000000000001
0.7274999999999999
0.8375
0.7075
0.7475
0.855
0.78
0.99
0.9300000000000002
0.9300000000000002
0.7575
1.0475
1.0775
1.04
1.145
2.9175
3.645
3.3175
2.72
1.5000000000000002
1.03
0.9375
0.89
0.8675
0.88
1.0275
1.1225
0.9125
0.97
1.0125
1.0825
1.0525
0.9500000000000001
0.935
0.9
1.095
0.92
0.9825
0.91
0.9599999999999999
0.955
1.02
0.9475
1.1225
1.09
1.1975
3.425
4.285
5.4125
7.1575
9.5125
11.885
12.345000000000002
12.695
13.1725
13.265
13.25
13.267499999999998
12.2575
8.6325
3.0175
0.6675
0.91
0.6025
0.5825
0.595
0.5625
0.7500000000000001
0.78
0.7575
0.5525
0.6275
0.8149999999999998
0.6025
0.7425
0.5375
0.5925
0.67
0.665
0.7149999999999999
0.8274999999999999
0.82
0.7149999999999999
0.7824999999999999
0.69
0.67
0.6775
0.6850000000000002
0.82
0.71
0.7425
0.7125
0.655
0.805
0.825
0.9325
0.82
0.9300000000000002
0.8175000000000001
0.94
0.8
0.9175000000000001
0.82
0.8575
0.8975
0.9475
1.015
1.1025
1.07
1.0925
1.05
1.25
1.3874999999999997
1.16
1.21
1.0625
1.1225
1.215
1.1925
1.2125
1.0925
1.085
1.2175
1.2575
1.2175
1.1625
1.25
1.13
1.1125
0.9625000000000001
0.94
0.915
1.7025
2.055
1.8324999999999998
1.04
1.14
1.52
1.6
1.0875
1.115
1.205
1.1775
1.2625
1.225
1.23
0.9724999999999999
1.5175
1.4925
1.9825
2.2575
2.7575
1.7325
1.0825
1.0
0.99
2.4
3.345
4.205
4.8875
8.1375
11.26
12.325
12.855
13.2075
13.267499999999998
13.260000000000002
13.2425
13.2425
11.105
6.8125
2.5075
1.3675000000000002
1.08
1.125
0.925
0.935
0.8274999999999999
0.6525
0.63
0.82
0.7824999999999999
1.04
0.98
0.98
0.9525
0.83
0.97
1.02
1.0575
1.11
0.9599999999999999
1.025
1.0825
0.9925
0.9825
0.985
1.0175
0.88
1.0325
0.7775
0.9025
0.8875
0.865
0.745
0.805
0.74
0.7050000000000001
0.9625000000000001
1.025
0.885
0.985
0.9049999999999999
0.9
0.89
1.35
0.985
0.865
0.8924999999999998
0.8325
0.965
1.0275
0.7575
0.9025
0.6850000000000002
0.7975
0.935
1.1275
1.11
1.3424999999999998
1.505
1.36
1.2675
1.2225
1.32
1.275
1.21
1.155
1.1275
1.0675
1.01
1.21
1.17
1.585
1.615
1.125
1.03
0.8575
0.8525
0.8575
0.7500000000000001
0.8125
1.7424999999999997
2.5925
4.01
7.6825
10.495
11.935
12.4125
12.695
13.232500000000002
13.2525
13.2
12.6125
11.812500000000002
10.78
9.2525
6.0875
1.2375
1.135
0.57
0.81
0.855
0.73
0.585
0.54
0.39749999999999996
0.7850000000000001
0.635
0.4775
0.405
0.5175
0.4125
0.4025
0.4575
0.4875
0.565
0.56
0.63
0.63
0.6625
0.72
0.78
0.7325
2.0175
1.255
0.92
1.07
0.9975
0.8950000000000001
0.9049999999999999
1.0025
0.9325
0.7475
0.7375
0.8599999999999999
0.9075
0.845
0.8475
0.82
0.765
0.77
0.7575
0.725
0.7125
0.865
0.9
0.8475
0.72
0.9925
0.755
0.81
0.695
1.58
2.9425
2.62
1.3700000000000003
0.9225
0.98
0.7775
0.7325
0.7949999999999999
0.7850000000000001
0.8025
0.7500000000000001
1.0
0.9075
0.99
0.9425
0.9475
0.595
0.665
0.5675
0.39
0.3325
0.2975
0.47500000000000003
2.8575
6.6425
7.5525
10.6825
11.7275
12.04
12.380000000000003
12.7175
13.185
13.275
13.275
13.2575
13.27
11.985
8.9425
5.3575
0.7675
0.7824999999999999
0.055
0.22
0.275
0.1775
0.3075
0.3675
0.3125
0.3625
0.245
0.35
0.0775
0.2525
0.0575
0.0
0.0
0.115
0.035
0.0
0.0775
0.1325
0.1025
0.23
0.395
0.315
0.47500000000000003
0.5575
0.6425
1.0275
0.8625000000000002
0.9825
1.1325
1.0525
1.15
1.19
1.01
0.8675
0.7875
0.9075
0.9925
1.0675
1.12
1.27
1.0
1.025
0.8825000000000001
0.965
0.9125
0.9049999999999999
1.005
1.01
0.9950000000000001
0.8274999999999999
0.7625
0.7325
0.645
0.9525
1.0225
1.02
0.9625000000000001
1.045
1.0275
1.0825
0.8724999999999999
1.13
1.1025
0.9125
0.98
0.9724999999999999
1.07
0.9625000000000001
0.98
1.1
1.32
1.275
4.8925
10.2575
10.09
10.897500000000003
10.580000000000002
10.2625
9.28
7.3275
5.0475
1.2875
1.105
1.0725
0.89
0.845
0.9125
0.8724999999999999
1.1025
0.545
0.6375
0.63
0.6925
0.7274999999999999
0.7925
0.8475
0.8225
1.015
0.8950000000000001
0.9125
0.8825000000000001
0.925
0.8175000000000001
0.84
0.64
0.63
0.555
0.765
0.6425
0.7225
1.1675
1.0175
0.9875
0.9300000000000002
0.82
0.8475
1.07
1.0575
1.03
1.3225000000000002
2.985
3.3225
4.13
4.33
6.25
9.9975
12.532500000000002
13.0325
13.265
13.2725
13.2575
13.25
11.7975
9.31
6.0825
0.91
1.245
0.775
0.9300000000000002
1.0475
1.0325
1.0325
1.1025
0.9925
1.0225
1.135
1.2075
0.965
1.1425
1.12
1.1825
1.2625
1.235
1.165
1.08
1.0875
1.1375
1.16
1.3475
1.04
1.105
1.1125
1.1525
1.7625
1.51
1.5000000000000002
1.45
1.2825
1.2475
1.3
1.2475
1.26
1.2075
1.33
2.4975
2.44
2.84
2.48
1.8025
2.15
1.66
1.09
1.1725
1.3275
1.1075
1.2
1.1075
1.265
3.585
6.015
7.2875
8.085
9.545
11.5825
12.429999999999998
12.734999999999998
13.1225
13.2175
13.225
11.59
9.4625
5.847499999999999
1.16
1.0825
0.9475
0.9375
1.0175
0.9075
0.8975
1.0
1.0175
0.9375
1.285
1.0725
1.175
1.16
1.1725
1.0125
1.1475
1.26
1.3125
1.28
1.2075
1.21
1.045
0.9225
1.0325
0.875
0.8225
0.8875
0.9
1.0275
1.0525
1.1325
1.09
1.0425
1.0575
1.0675
1.06
1.085
1.0175
1.02
1.155
0.985
1.075
1.08
2.7
3.8050000000000006
3.0849999999999995
2.445
1.735
1.3375
1.1625
1.2525
1.4475
1.2025
1.2275
1.1925
1.2275
1.3
1.385
1.1925
1.2675
2.765
3.0925
3.125
3.8525
4.0725
5.07
6.735
10.0575
11.7775
13.275
13.2775
13.2925
13.285
13.2875
11.6525
7.075
2.065
1.2525
1.3424999999999998
1.4675
1.1625
1.195
1.2525
1.245
1.265
1.23
1.4350000000000003
1.3575
1.3025
1.2625
1.1325
1.2325
1.1875
1.14
1.1375
1.08
1.11
1.175
1.115
1.2575
1.25
1.215
1.375
1.35
1.3424999999999998
2.9549999999999996
3.5975
2.6450000000000005
1.4025
1.45
1.38
1.4275
1.3775
1.505
1.4124999999999999
1.5625
1.34
1.3450000000000002
1.32
1.2825
1.325
1.3775
1.285
1.2125
1.1225
1.1475
1.0375
1.145
3.3650000000000007
5.632500000000001
6.8775
7.8025
9.3925
11.4775
12.402499999999998
12.89
13.2425
13.245
13.245
12.700000000000001
11.2075
8.715
5.07
1.2425
1.4075
1.03
1.22
1.0175
1.2375
1.0975
1.095
1.2525
1.1675
1.0925
0.9925
0.8525
0.9724999999999999
1.115
1.2675
1.1125
1.195
1.215
0.8875
1.26
1.1725
1.1325
1.2425
1.0875
1.04
0.9225
0.9225
1.11
1.0
1.145
1.05
1.21
1.2175
1.185
1.1025
2.68
1.7175
1.45
1.125
1.055
1.04
1.12
1.035
0.9300000000000002
0.865
0.9675
0.9775
1.1625
1.0625
0.8075
0.915
3.9249999999999994
5.0775
4.755
4.4875
5.3325
7.53
10.0975
12.2
13.225
12.997499999999999
12.560000000000002
11.595
10.13
8.205
6.325000000000001
1.74
1.53
1.0975
1.1975
1.3450000000000002
1.0975
1.27
1.275
1.24
1.0825
1.09
1.0275
1.1825
1.1175
1.075
1.1025
1.0025
1.23
1.27
1.275
1.2325
1.225
1.24
1.17
1.8875
1.23
1.225
1.21
1.2275
1.1575
1.0375
1.0325
0.98
0.9500000000000001
0.84
0.8950000000000001
0.8475
0.89
0.79
0.84
0.73
1.09
0.99
0.94
0.805
0.7949999999999999
0.78
0.7
0.9125
0.9975
0.9950000000000001
0.8825000000000001
0.9599999999999999
0.8175000000000001
0.7575
0.835
0.8875
1.16
1.0375
0.9825
1.0725
1.2075
1.06
1.0675
0.9975
0.9925
1.02
4.775
7.8625
8.4425
9.3375
11.665
11.96
12.3475
12.8075
13.14
13.260000000000002
13.2425
13.2725
13.2725
13.2875
11.1175
8.255
2.6075
1.055
0.51
0.6875
1.0375
0.6775
0.88
0.57
0.6525
0.7675
0.7050000000000001
0.88
0.655
0.535
0.72
0.585
0.6125
0.35250000000000004
0.6675
0.66
0.5925
0.835
0.655
0.63
0.535
0.7375
0.77
0.7475
0.7475
0.8025
0.5875
0.63
0.6575
0.7375
0.8149999999999998
0.9
0.8775
0.8599999999999999
0.74
0.7475
0.7625
0.6325
0.665
0.66
0.8
0.7025
0.8225
0.7475
0.88
0.9025
0.9
0.755
0.7500000000000001
0.7575
0.8924999999999998
0.9375
0.8274999999999999
0.7375
0.8
0.67
0.6775
0.5775
0.71
0.7325
0.7725000000000001
0.595
0.615
0.51
0.505
0.6025
0.605
0.3675
0.4925
0.435
0.6525
0.6475
0.5375
0.5575
0.555
0.445
0.4425
0.485
0.4775
0.4875
0.3125
0.335
0.3375
0.29
0.4
0.38
0.3075
0.2925
0.265
0.38
0.4799999999999999
0.535
0.4725
0.635
0.62
0.7
0.4650000000000001
0.5625
0.6850000000000002
0.5525
0.6175
0.51
0.49
0.495
0.485
0.5725
0.5725
0.605
0.595
0.63
0.7025
0.6075
0.6225
0.655
0.5925
0.7225
0.5925
0.5475
0.6325
0.6775
0.67
0.5125
0.8599999999999999
0.55
0.5875
0.6775
0.8375
0.89
0.9724999999999999
1.0775
1.2425
1.375
1.305
1.3825
1.3575
1.29
1.1975
1.2925
1.3775
1.4375
1.64
1.62
1.8175
2.455
2.2725
1.2225
1.355
1.3925000000000003
1.3825
1.34
1.39
1.4975
1.3675000000000002
1.3125
1.39
1.4075
1.4625
1.415
1.505
1.5225000000000002
1.4425
1.4625
1.7849999999999997
1.6275
1.7875
1.965
0.6475
0.7125
0.765
0.78
0.665
1.0875
1.155
1.005
0.5725
3.005
5.325
7.6425
9.39
12.0325
12.395000000000001
12.622500000000002
13.155
13.3075
13.275
13.2975
13.305
13.29
13.2875
12.35
10.3125
7.139999999999999
2.6450000000000005
1.1775
0.2975
0.14
0.34
0.0825
0.335
0.4
0.3325
0.3125
0.33
0.3775
0.22
0.285
0.38
0.2775
0.2875
0.3825
0.46
0.4325
0.36
0.5975
0.665
0.7
0.52
0.51
0.7375
0.8125
0.7325
0.6824999999999999
0.7125
0.6925
0.44750000000000006
0.515
0.45249999999999996
0.4875
0.4650000000000001
0.67
0.37500000000000006
0.535
0.5975
0.6824999999999999
0.6575
0.6275
0.72
0.63
0.845
1.0425
1.13
1.06
1.1825
1.2825
1.19
1.2425
1.305
1.225
1.1325
1.135
1.1475
1.1975
1.305
1.105
1.665
1.165
1.225
1.2925
1.235
1.07
1.1125
1.0075
1.0875
1.165
1.05
1.1075
1.1575
1.4925
1.2925
1.2025
1.1925
1.275
1.2025
1.305
1.4350000000000003
1.36
1.3275
1.2275
1.5125
1.42
1.49
1.44
1.875
1.4075
1.3525
1.385
1.315
1.2025
1.0
0.87
0.945
0.61
0.5075
0.41
0.2575
0.1275
0.1375
0.13
0.09
0.0525
1.1275
1.5075
2.61
4.2825
9.655
12.705
13.177499999999998
13.275
13.275
13.267499999999998
13.267499999999998
12.0175
9.4525
6.595
2.8625
1.0125
0.495
0.455
0.64
0.5325
0.3
0.5975
0.4125
0.39749999999999996
0.42
0.62
0.65
0.59
0.565
0.635
0.545
0.5225
0.5325
0.6425
0.7824999999999999
0.6425
0.825
0.8500000000000001
0.84
0.7925
0.565
0.775
0.725
0.9625000000000001
1.045
1.9975
1.1725
1.0625
1.0025
0.9875
1.3275
1.29
1.3625
1.2425
1.3925000000000003
1.6475
2.2675
2.0475
2.495
3.5175000000000005
5.1675
10.425
11.6025
10.8075
8.5475
7.502500000000001
6.07
3.5075000000000003
1.805
1.8625
1.88
1.67
1.66
1.465
1.4825
1.335
1.465
1.54
1.405
1.69
1.8974999999999997
2.06
2.0275
2.0975
1.9449999999999998
1.975
1.7875
2.1075
3.5800000000000005
4.5225
4.6525
4.19
3.4624999999999995
3.035
2.88
2.9099999999999997
2.055
2.1375
2.0225
2.055
2.1475
2.305
2.215
2.095
2.115
2.275
3.0375
3.41
3.9375
4.9775
5.352499999999999
6.49
6.905
6.955
6.9975000000000005
5.875000000000001
4.1075
2.48
1.95
2.08
1.8625
1.8324999999999998
2.035
1.78
2.025
2.0925
1.97
2.1475
2.155
2.065
2.1875
2.2325
2.17
2.035
1.8675
3.8525
7.5825
8.755
9.775
11.3875
11.812500000000002
12.11
12.610000000000001
13.164999999999997
13.295000000000002
13.2925
13.2825
13.2825
13.2925
13.32
13.37
12.9725
10.850000000000001
7.8125
2.805
2.5325
1.9175
2.1325
1.89
1.9275
1.9975
2.11
1.9825
1.865
1.8525
2.005
2.1425
2.155
2.075
2.1825
1.9925
1.83
1.98
1.8974999999999997
1.9224999999999999
1.915
1.9975
1.915
1.9425000000000001
1.83
1.6925
1.8549999999999998
1.89
1.865
1.9275
1.85
1.9775
1.955
1.9000000000000001
1.91
1.83
1.8575
1.815
2.0125
2.0325
2.03
2.0275
2.155
2.175
2.235
2.015
2.065
2.1975
2.11
2.03
2.13
2.1525
2.085
2.0425
2.24
2.2625
2.19
2.265
2.2625
2.125
2.2075
2.22
2.1625
2.02
1.9975
2.025
1.9624999999999997
2.0025
1.9325
1.8475
1.95
1.8675
2.025
2.0525
2.12
2.0075
2.015
2.0825
1.955
1.8549999999999998
1.87
1.9375
1.8825
1.9075
2.04
2.1775
1.9725
1.9925
1.875
1.9449999999999998
1.89
1.97
1.7650000000000001
2.0025
2.0625
2.0675
2.0075
2.055
1.975
2.2875
2.295
2.2125
2.395
2.615
2.01
2.3725
2.145
2.8975
4.1875
8.57
12.719999999999999
13.155
11.370000000000001
7.2925
6.4625
5.6525
4.065
1.5875000000000001
1.9975
1.9375
2.0775
2.105
2.3825
2.465
2.4075
2.14
2.04
1.8350000000000002
2.0575
1.97
2.13
2.035
1.985
2.2925
1.97
2.195
2.2
2.26
2.35
2.315
2.375
2.235
2.2125
3.075
3.7275
4.1825
4.24
4.81
5.702499999999999
6.1425
6.38
7.0425
7.160000000000001
6.6
3.9974999999999996
2.8625
1.64
1.91
1.8175
1.905
1.9375
1.9325
1.8225
2.0825
1.9224999999999999
1.9250000000000003
1.8575
1.8675
1.8925
2.005
2.035
2.1725
2.14
2.14
2.255
2.145
1.975
2.055
2.045
3.83
4.415
4.58
4.8275
4.9075
5.725
6.345
8.47
11.3175
12.8175
13.3075
12.975
12.0025
10.704999999999998
9.7425
7.945
6.5225
3.005
2.6325
2.065
1.9224999999999999
1.9825
2.1525
2.27
2.3625
2.3675
2.3775
2.275
2.265
2.3375
2.295
2.185
2.3
2.1425
2.1825
2.28
2.1675
1.9075
2.155
2.2075
2.265
2.1175
2.2975
2.38
3.425
2.6525
2.325
2.2875
2.215
2.3675
2.145
2.405
2.4825
2.475
2.475
2.18
2.17
2.2075
2.225
2.33
2.3175
4.46
5.625
7.440000000000001
8.6125
10.1725
12.16
12.5275
13.0375
13.32
13.3325
13.322500000000002
13.3275
13.03
11.9875
10.4075
8.8025
6.107499999999999
2.9225
3.0825
2.3275
2.2475
2.3775
2.3375
2.4
2.1725
2.22
2.2075
2.38
2.3525
2.35
2.385
2.415
2.335
2.4275
2.415
2.5725
2.485
2.4875
2.0925
2.2975
2.265
2.47
2.3275
2.5325
2.4575
2.49
3.1
2.64
2.5425
2.565
2.5825
2.4175
2.6425
2.3125
2.4225
2.375
2.455
2.21
2.1775
2.2675
2.3425
2.41
3.6975
2.9475
2.765
2.8125
2.33
2.36
2.36
2.3725
2.335
2.275
2.335
2.3875
2.3475
2.5175
2.9025
4.855
6.0375
7.329999999999999
8.9825
10.7
12.1975
12.705
13.225
13.31
13.315
13.29
13.0075
12.045
10.5025
8.2775
4.615
2.6775
2.8200000000000003
2.245
1.9725
2.125
2.1425
2.2575
2.1925
2.49
2.4725
2.3975
2.515
2.2825
2.33
2.48
2.4025
2.2825
2.32
2.375
2.5025
2.475
2.6325
2.565
2.695
2.6375
2.495
2.6075
2.4325
2.47
2.6825
3.2700000000000005
2.61
2.62
2.5175
2.6025
2.6275
2.595
2.5625
2.4725
2.5275
2.4
2.515
2.505
2.4675
2.3
2.3225
2.29
2.24
2.05
2.0325
2.1275
3.745
4.34
4.9925
4.8875
4.4775
4.285
4.0025
3.735
3.6725
3.675
3.605
3.2175
2.6
2.5225
2.23
2.38
2.31
2.3625
2.585
2.395
2.225
2.1325
2.2
2.2425
2.1225
2.01
2.215
2.1775
2.2125
2.33
2.305
5.5175
9.27
9.5625
9.755
11.1675
12.027500000000002
12.407500000000002
12.769999999999998
13.329999999999998
13.375
13.3725
13.37
13.364999999999998
13.35
13.392499999999998
12.0025
9.7975
5.355
2.8975
2.745
2.14
2.1425
2.1075
2.34
2.3875
2.17
2.3075
2.165
2.155
2.22
2.34
2.2475
2.2425
2.0975
2.1025
2.0025
2.11
2.0475
1.825
1.87
1.9925
2.01
2.0325
2.2125
2.305
2.1925
2.3
2.29
2.305
2.3775
2.2275
2.255
2.1225
2.23
2.24
2.15
2.15
2.285
2.24
2.1225
2.23
2.2275
2.34
2.25
2.3725
2.38
2.1675
2.135
2.1825
2.0375
2.295
2.4775
2.3525
2.29
2.3
2.21
2.345
2.3025
2.1625
2.1625
2.155
2.0975
2.2325
2.1375
2.2125
2.3
2.3925
2.1375
2.1175
2.0125
2.17
2.1275
2.1225
2.0225
2.13
2.26
2.0775
2.3625
2.16
2.075
2.15
2.255
2.155
2.3075
2.115
1.9925
2.1175
2.24
2.215
2.5
2.205
2.27
2.4375
2.3425
2.305
2.305
2.3775
2.405
2.4725
2.855
2.4875
2.4775
2.8075000000000006
2.3275
2.3425
2.3425
2.375
2.6075
2.55
2.68
3.7475
3.76
3.115
2.8325
3.4825
5.290000000000001
7.069999999999999
13.285
13.3525
13.22
13.28
12.560000000000002
11.855
10.455000000000002
8.82
7.139999999999999
3.6
2.42
2.23
1.975
2.15
2.245
2.555
2.565
2.6925
2.62
2.6475
2.515
2.6725
2.3025
2.3275
2.3425
2.455
2.4575
2.51
2.1425
2.1475
2.25
2.11
2.5375
2.2725
2.2775
2.3025
2.3675
2.3375
2.505
2.46
2.5325
2.31
2.6224999999999996
2.17
2.2375
2.7975000000000003
2.26
2.2825
2.3375
1.8974999999999997
1.9375
1.9775
2.0325
2.0025
1.9275
1.95
2.0075
2.0725
3.3975
3.11
5.115
6.31
10.095
12.672499999999998
12.575000000000001
13.322500000000002
13.3175
12.900000000000002
13.3125
13.3425
13.2425
11.9325
10.8775
8.7275
5.809999999999999
2.795
3.035
2.6275
2.2325
2.1775
2.1725
2.2175
2.095
2.0925
2.3775
2.3775
2.39
2.3925
2.4075
2.4425
2.025
2.1375
2.405
2.52
2.65
2.525
2.51
2.225
2.315
2.3
2.345
2.4125
2.4525
3.52
2.19
2.16
2.21
2.25
2.115
2.22
2.1975
2.21
2.285
2.3425
2.2625
2.425
2.5175
2.4525
2.5975
2.58
2.6375
2.5575
2.7475
2.505
2.3725
2.395
2.4725
2.4375
2.5475
2.4425
2.68
4.205
3.8575
3.7175
4.085
3.9
3.0000000000000004
2.3725
2.665
2.385
2.3525
2.3575
2.3025
2.515
5.97
8.4075
10.15
11.6925
11.9225
12.317500000000003
12.545
13.1625
13.2625
13.2875
12.762500000000001
12.187499999999998
11.5125
10.697500000000002
9.83
7.7675
4.125
2.725
2.42
2.1475
2.145
2.3275
2.4375
2.455
2.385
2.175
2.44
2.42
2.355
2.1675
2.17
2.3525
2.295
2.3775
2.41
2.3525
2.4675
2.4625
2.435
2.55
2.405
2.5175
2.315
2.3975
2.2675
4.075
1.9900000000000002
2.2475
2.005
1.95
1.7175
1.6925
1.7525
1.7325
1.8475
1.75
1.775
1.8575
1.9925
2.145
1.8525
1.82
1.85
2.1075
2.0125
2.1725
1.9425000000000001
2.0875
1.95
2.0325
1.8725
3.6649999999999996
3.5225
2.4925
2.0725
1.685
1.55
1.7125
1.555
1.7125
1.715
1.5525
1.6475
1.5175
1.66
1.71
1.9125
3.9775
5.269999999999999
7.02
7.8275
9.95
11.935
12.3275
12.69
13.265
13.28
13.322500000000002
13.255
13.285
12.8425
10.829999999999998
7.9525
3.79
2.115
2.18
1.495
1.6125000000000003
1.5125
1.54
1.58
1.6125000000000003
1.71
1.4625
1.67
1.825
1.7250000000000003
1.8324999999999998
1.9125
1.9874999999999998
1.865
1.9525
1.9575
2.0025
2.0125
2.09
2.015
1.9275
1.7025
1.885
2.145
2.0325
2.03
1.9975
1.7575
1.9624999999999997
1.82
1.805
1.8875
1.93
1.8600000000000003
1.875
1.7375
1.865
1.75
1.575
1.8275
1.7975
1.7449999999999999
1.6475
1.7199999999999998
1.775
1.735
1.5725
1.7674999999999998
1.7199999999999998
1.6125000000000003
1.6275
1.755
1.8575
2.175
1.8350000000000002
1.7650000000000001
1.7575
1.73
1.685
1.7075
1.6475
1.695
1.625
2.2125
1.715
1.475
1.6375
1.7925
1.685
1.705
1.695
1.48
1.5775
1.5175
1.5325
1.4774999999999998
1.71
1.8350000000000002
1.7775
2.005
2.06
3.41
4.1075
5.2775
6.225
8.7225
10.59
12.975
13.2525
13.325
13.3325
13.3475
13.3175
13.3125
11.639999999999999
9.775
7.437499999999999
2.7375
2.37
1.6774999999999998
1.7625
1.9575
1.93
2.0375
1.8125000000000002
1.8350000000000002
1.9375
2.1
2.2425
2.2125
2.0725
2.0725
2.295
2.105
2.205
1.9375
2.05
1.96
1.845
1.965
1.8974999999999997
2.0125
2.04
1.95
1.9624999999999997
1.9275
1.9874999999999998
2.205
2.35
2.165
2.0725
2.1275
2.1725
2.56
3.74
2.6900000000000004
2.395
2.395
2.345
2.46
2.4925
2.5325
2.525
2.385
2.43
2.415
2.455
2.4975
2.6275
2.44
2.235
2.12
2.165
2.1875
2.185
2.2725
2.2625
2.1475
2.185
2.255
2.3425
4.555
5.12
5.0175
3.6925
2.8225
2.5525
2.5525
2.4875
2.6349999999999993
2.4275
2.53
2.325
2.2975
2.3
2.295
2.3575
2.1625
2.305
4.985
6.5625
7.19
8.39
9.53
11.127500000000001
12.2375
13.164999999999997
13.3275
13.3
13.325
12.8225
11.6525
9.53
6.415
2.54
2.6325
2.27
2.14
2.225
1.9925
2.0725
2.48
2.505
2.5725
2.4125
2.5225
2.495
2.4975
2.3125
2.445
2.3875
2.44
2.205
2.4025
2.285
2.345
2.275
2.3225
2.0825
2.355
2.42
3.88
2.29
2.195
2.3875
2.3825
2.1
2.1025
2.07
2.3225
2.37
2.56
2.295
2.2125
2.5725
2.4475
2.46
2.4175
2.3675
2.4
2.5025
2.4175
2.4175
2.2725
2.4925
2.2925
2.3075
2.385
2.555
2.485
3.065
3.1574999999999998
3.7225
5.587500000000001
8.65
10.28
11.8875
12.725
11.8175
13.0375
13.3075
13.322500000000002
13.3125
11.819999999999999
10.670000000000002
9.74
7.6575
4.66
3.3075
2.875
2.2975
2.38
2.355
2.4175
2.4175
2.5025
2.6075
2.6625
2.4975
2.39
2.5025
2.53
2.435
2.49
2.0725
2.49
2.475
2.65
2.465
2.5875
2.4225
2.475
2.0325
2.175
2.265
2.215
2.2575
2.0875
2.29
2.1775
2.2975
2.1225
2.28
3.165
2.6224999999999996
2.11
2.1825
2.31
2.29
2.145
2.1775
2.3925
2.4525
2.4925
2.535
2.495
2.3675
2.3475
2.3275
4.24
6.4725
8.7625
9.755
10.919999999999998
12.117500000000001
12.637500000000001
13.1925
13.3075
12.977499999999997
11.072499999999998
9.505
7.275
4.73
1.9475
2.375
2.1925
2.075
2.1375
2.1825
2.2525
2.16
2.225
2.18
2.36
2.335
2.28
2.3175
2.41
2.285
2.3075
2.375
2.575
2.3175
2.1525
2.23
2.285
2.315
2.2175
2.145
2.05
2.1775
2.2225
2.0725
2.0675
2.1375
2.1775
2.1575
2.115
2.2275
2.3275
2.1325
2.235
2.32
2.2075
2.435
2.5325
2.4575
2.5825
2.6125
2.5575
2.3825
2.525
2.4275
2.6349999999999993
2.52
2.715
2.5125
2.435
2.44
2.5975
2.6
2.495
2.2675
2.37
2.505
2.485
2.51
2.5725
2.47
2.575
2.5
2.4975
2.4475
2.3125
2.31
2.3225
2.33
2.4125
2.405
2.415
2.5775
2.5125
2.1625
2.3375
2.505
2.9375000000000004
2.9125
2.7400000000000007
2.575
2.575
2.515
2.325
2.4125
2.4425
2.53
2.4525
2.4525
3.645
3.96
4.82
6.55
8.3975
10.5025
12.4325
12.73
13.142500000000002
13.29
13.3
13.315
13.045
11.619999999999997
9.4725
4.8875
2.48
2.325
2.4225
2.185
2.2325
2.095
1.9199999999999997
2.1925
1.875
1.93
1.9449999999999998
1.975
1.9624999999999997
2.2675
2.1375
2.14
2.2125
2.1
2.0525
2.2175
2.13
2.0775
2.23
2.2175
2.2575
2.1475
2.0675
2.065
4.24
3.3775000000000004
2.5475
2.605
2.56
2.4625
2.33
2.3775
2.1275
2.2875
2.135
2.2725
2.2775
2.3175
2.53
2.5025
2.455
2.43
2.4875
2.525
2.4125
2.3325
2.36
2.3675
2.3175
2.405
2.3775
2.4575
2.4525
2.5775
2.5075
2.385
2.305
2.3675
2.46
4.87
5.615000000000001
4.785
4.365
4.23
6.0375
7.9825
10.785
11.205
10.965
10.145
8.9
7.4
6.0525
2.875
2.7299999999999995
2.395
2.465
2.42
2.5525
2.4975
2.68
2.355
2.545
2.4525
2.45
2.345
2.18
2.58
2.4575
2.41
2.5175
2.4025
2.555
2.465
2.4225
2.6375
2.5125
4.375
6.422499999999999
7.6274999999999995
7.755
8.36
9.0525
10.4
12.17
13.170000000000002
13.3325
13.3125
13.325
12.8775
11.389999999999999
9.2525
7.097500000000001
2.8175
2.89
2.415
2.1725
2.11
2.235
2.3175
2.425
2.325
2.44
2.425
2.4375
2.51
2.5025
2.7350000000000003
2.725
2.6025
2.585
2.4475
2.5475
2.6450000000000005
2.5175
2.47
2.35
2.3425
2.41
2.515
4.0275
4.3225
3.1400000000000006
2.5625
4.3625
4.9225
3.7275
3.1725
3.2775
2.7400000000000007
2.6625
2.535
2.6275
2.5325
2.5775
2.4475
2.61
2.6349999999999993
2.6450000000000005
2.75
2.7275
2.66
2.405
2.5125
2.525
2.715
2.675
2.575
2.47
2.545
2.6475
2.6
2.6875
2.7299999999999995
2.5775
2.3975
2.35
2.255
2.3425
4.505
5.570000000000001
7.6925
8.335
9.6725
12.14
12.5075
12.8675
13.255
13.329999999999998
13.3325
13.329999999999998
13.3375
13.322500000000002
13.135
10.3725
7.4225
2.495
2.49
2.245
2.17
2.135
2.295
2.1625
2.1875
2.0075
2.2275
2.145
2.135
2.385
2.3375
2.2575
2.055
2.0525
2.1925
2.125
2.335
2.4
2.3775
2.4075
2.5175
2.2
2.28
2.455
2.495
2.215
2.385
2.2725
2.3425
2.1525
2.155
2.075
2.065
2.3025
2.2925
2.2475
2.2125
2.345
2.205
2.1925
2.295
2.285
2.385
2.37
2.42
2.5325
2.3625
2.235
2.26
2.3
2.5375
2.38
2.395
2.4225
2.365
2.285
2.1725
2.235
2.4
2.3925
2.2275
2.4475
2.435
2.46
2.385
2.4525
2.8325
2.6525
2.7975000000000003
2.5275
2.5075
2.49
2.5475
2.4425
2.4325
2.5225
2.3675
2.31
2.3025
2.32
2.115
2.14
2.2275
2.0775
2.13
2.3825
2.3825
2.39
2.1125
2.345
2.2425
2.355
2.2125
2.2
2.2375
2.2175
1.9925
2.165
2.145
2.16
2.095
2.1825
2.3175
2.29
2.3675
2.8
2.9549999999999996
2.9975
2.4825
2.5625
3.3625
6.345
11.3875
11.63
11.1075
9.0525
9.5875
8.73
7.045
5.1925
2.535
2.29
2.245
2.2175
2.32
2.22
2.34
2.035
2.3
2.3025
2.4225
2.4175
2.2975
2.3275
2.3825
2.0375
2.1375
2.185
2.1775
2.3075
3.7200000000000006
2.8775
2.765
2.215
2.22
2.355
2.2975
2.1525
2.1
2.07
2.1775
2.1325
2.165
2.295
2.25
2.2175
2.195
2.6224999999999996
2.7400000000000007
3.1
4.055
8.445
7.65
8.545
10.165
12.4475
12.805
13.3
13.305
13.3
13.21
11.7025
10.3625
8.9375
6.6075
2.9099999999999997
3.3
2.855
2.555
2.2875
2.19
2.1
2.13
2.21
2.505
2.39
2.5475
2.4475
2.3575
2.415
2.2975
2.3325
2.3575
2.1675
2.3175
2.4325
2.54
2.5275
2.4975
2.3475
2.5075
2.4275
2.415
2.3975
2.39
2.415
3.525
2.18
2.3925
2.16
2.225
2.3
2.29
2.3775
2.5125
2.52
2.6025
2.52
2.4275
2.63
2.5875
2.4
2.67
2.62
2.6349999999999993
4.1025
6.602500000000001
10.1
9.9325
10.255
10.63
10.772500000000003
10.2725
8.7075
6.519999999999999
3.2225
2.81
2.92
2.57
2.3575
2.65
2.495
2.415
2.5925
2.545
2.615
2.5575
2.61
2.615
2.5975
2.47
4.5
5.1625
5.34
5.005
4.7375
4.5275
4.0975
5.4475
4.22
3.59
3.83
3.51
2.34
2.48
2.3825
2.525
2.4725
2.575
2.285
2.4675
2.115
2.385
6.22
8.27
8.86
9.9525
11.96
12.380000000000003
12.71
13.215
13.295000000000002
13.32
13.329999999999998
13.335
12.1075
10.0775
7.015000000000001
2.935
2.9049999999999994
2.5775
2.5525
2.145
2.3425
2.2
2.3725
2.3
2.3375
2.1725
2.27
2.215
2.3475
2.32
2.2525
2.0025
2.165
2.2175
2.1525
2.3475
2.1975
2.0775
2.1475
2.3675
2.325
2.4125
2.3775
2.2525
2.33
2.345
2.2075
2.2975
2.2875
2.26
2.38
2.39
2.2925
2.35
2.455
2.4
2.2325
2.31
2.3475
2.3825
2.26
2.2575
2.19
2.2025
2.1575
2.1625
2.145
2.1125
2.0825
2.2725
2.1575
2.37
2.9575
2.26
2.215
2.225
2.325
2.3575
2.405
2.1525
2.2775
2.325
2.5375
2.385
3.8174999999999994
4.88
5.4325
5.757499999999999
7.184999999999999
9.4375
11.215
12.725
13.195
13.3175
13.3175
13.3125
13.3125
11.9975
10.25
8.025
4.89
2.965
2.5875
1.8675
1.8725
1.8875
1.915
1.9925
2.21
2.0625
2.29
2.51
2.425
2.61
2.395
2.395
2.29
2.4225
2.57
2.395
2.6224999999999996
2.4675
2.6825
2.595
2.5925
2.38
2.305
2.695
2.605
2.8325
3.9925
2.465
2.5
2.3225
2.3825
2.59
2.535
2.59
2.6725
2.385
2.2725
2.63
2.405
2.4475
2.63
2.4775
2.5325
2.385
2.4475
2.3975
2.5075
2.1575
2.2975
2.2575
2.3425
2.1525
2.0475
2.4225
2.715
4.2275
3.3275
3.9749999999999996
4.365
3.7825000000000006
3.305
3.55
3.7475
4.1375
3.4275000000000007
2.2325
2.68
2.6450000000000005
2.705
2.6625
2.595
2.545
2.585
4.3425
7.27
8.6125
10.0575
11.417500000000002
12.1275
12.4825
12.824999999999998
13.255
13.315
13.3475
13.3525
13.3425
13.3475
12.5725
10.745
7.4225
2.4475
2.62
2.1275
2.095
2.2825
2.18
2.12
2.4125
2.33
2.1875
2.3175
2.44
2.3575
2.45
2.3675
2.39
2.5075
2.555
2.5675
2.2325
2.04
2.2225
2.1725
2.1725
2.2725
2.705
2.26
2.3275
2.0975
2.0125
2.0075
2.16
2.035
2.0775
2.075
2.0925
2.16
2.1625
2.135
2.2725
2.335
2.3625
2.2325
2.3925
2.3925
2.3
2.2175
2.3325
2.285
2.245
2.3975
2.3575
2.265
2.41
2.475
2.5675
2.3925
2.25
2.43
2.1925
2.2875
2.535
2.2925
2.445
2.415
2.36
2.46
2.3225
2.3075
2.2725
2.2475
2.1975
2.27
2.255
2.3125
2.42
2.2325
2.5125
2.595
2.63
2.47
2.4175
2.5925
2.4125
2.5425
2.425
2.2
2.16
2.1175
2.495
2.49
2.5825
2.555
2.55
2.585
2.49
2.545
2.64
2.4675
2.475
2.525
2.4275
2.43
2.6925
4.1075
8.875
12.6675
10.665
9.7225
7.267499999999999
6.7525
7.41
8.0425
10.2025
10.7825
10.5375
9.14
7.2275
5.7175
2.7074999999999996
3.0475
2.2375
2.2875
2.145
2.2275
2.015
2.13
2.2275
2.3825
2.365
2.33
2.275
2.2675
2.4525
2.3475
2.345
2.42
2.2975
2.68
2.6475
2.56
2.4675
2.3475
2.3775
4.3475
4.93
5.075
4.3625
3.9275
3.7175
3.4950000000000006
3.7275
3.1074999999999995
2.1375
2.305
2.1775
1.91
2.1475
2.2425
2.51
2.3
2.28
1.995
2.215
2.175
2.215
2.3475
4.06
5.665
6.745
7.2075
8.9075
10.505
12.4825
12.887499999999998
13.239999999999998
13.3275
13.3325
13.329999999999998
13.32
13.3
11.8275
9.775
5.9675
2.88
2.9099999999999997
1.9025000000000003
1.9475
2.1325
1.9224999999999999
2.0525
2.0325
2.205
2.1975
2.26
2.1625
2.3325
2.1475
2.315
2.2375
2.4325
2.3375
2.2
2.485
2.47
2.4475
2.175
2.015
2.105
2.3175
2.1675
2.1825
2.0625
2.1425
2.1175
2.1
2.2
2.2275
2.055
2.1625
1.9000000000000001
1.9725
1.7925
1.82
1.74
1.8
1.8525
2.105
2.05
2.2175
2.175
2.0825
2.1475
2.045
1.9425000000000001
2.0275
2.125
2.0925
2.115
2.4125
2.43
2.3175
2.39
2.33
2.405
2.4275
2.3525
2.455
2.605
2.45
2.445
2.3875
2.65
2.605
2.5875
3.325
2.93
3.01
2.415
2.5
2.22
2.25
2.1475
2.2625
2.3125
2.2925
2.32
2.24
2.1025
2.27
8.98
11.972499999999998
10.7
8.755
9.3625
10.0925
11.660000000000002
12.2175
11.9675
10.6025
9.03
7.492500000000001
5.61
2.845
2.8200000000000003
2.0375
2.1175
2.2225
2.31
2.04
2.17
2.1025
2.065
1.9025000000000003
2.1475
2.06
2.065
1.95
2.275
2.3375
2.4
1.8725
2.0425
2.0775
2.7725
2.335
2.4175
2.24
2.36
2.3
2.125
2.33
2.23
2.06
2.345
2.625
3.28
2.535
2.3575
2.3775
2.175
2.4375
2.3575
2.2325
2.235
2.3475
2.335
2.6475
2.7625000000000006
5.7475000000000005
8.3725
10.685
12.605
12.497500000000002
12.4775
13.227499999999997
13.3
13.3175
13.32
13.3375
13.2775
12.0825
10.1225
6.8275
3.1875
2.05
1.53
1.2
1.2025
1.0675
1.3375
1.09
1.2325
1.1475
1.07
1.03
0.92
0.8175000000000001
0.8125
0.835
0.7675
0.8025
0.7824999999999999
0.7175000000000001
0.9325
0.805
0.8599999999999999
0.9500000000000001
1.11
0.77
0.88
0.9500000000000001
0.98
0.915
0.98
1.1075
1.1475
1.2025
1.2275
0.7175000000000001
0.5975
0.83
0.6875
0.7875
0.9075
0.94
1.08
0.8599999999999999
0.9175000000000001
0.975
0.9025
1.2375
0.765
0.83
0.875
1.085
0.5625
0.845
0.6725000000000001
0.7500000000000001
0.655
0.7775
0.835
1.3325
0.9875
1.0325
1.0325
1.055
2.9975
4.0775
5.455
9.02
10.9025
12.9475
13.3475
13.3725
13.2375
12.2625
10.755
9.545
6.6075
2.985
2.29
2.3225
2.005
2.005
2.1575
2.0975
2.195
2.16
2.4175
2.2675
2.495
2.1525
2.47
2.35
2.365
2.1625
2.2425
2.12
2.2025
2.1875
2.315
2.14
1.9175
2.0475
2.0725
2.27
2.3
2.3925
2.3975
2.58
2.585
4.4975
3.5475
2.6625
2.3525
2.48
2.3275
2.35
2.3125
2.3275
2.2575
2.3975
2.4425
2.51
2.2675
2.24
2.495
2.37
2.4325
2.585
2.5175
2.3575
2.32
1.9125
1.8324999999999998
2.385
4.17
4.515
4.485
4.525
4.2625
4.4125
4.27
3.5225
3.22
1.5725
1.2075
1.245
1.305
1.225
1.5625
1.3675000000000002
1.5125
1.49
1.3975
1.465
1.875
1.71
1.6875
2.5425
9.3325
9.41
10.425
11.83
12.345000000000002
12.745
13.21
13.325
13.275
13.32
13.267499999999998
13.3125
13.2875
12.769999999999998
