10.0
43.333333333333336
76.66666666666667
110.0
143.33333333333334
176.66666666666666
210.00000000000003
243.33333333333334
276.6666666666667
310.0
343.33333333333337
376.6666666666667
410.00000000000006
443.33333333333337
476.6666666666667
510.0
543.3333333333334
576.6666666666666
610.0
643.3333333333334
676.6666666666667
710.0000000000001
743.3333333333334
776.6666666666667
810.0
843.3333333333334
876.6666666666667
910.0
943.3333333333334
976.6666666666666
1010.0
1043.3333333333335
1078.3333333333333
1111.6666666666667
1145.0
1178.3333333333335
1211.6666666666667
1245.0
1278.3333333333333
1311.6666666666667
1345.0000000000002
1378.3333333333335
1411.6666666666667
1445.0
1478.3333333333335
1511.6666666666667
1545.0000000000002
1578.3333333333333
1611.6666666666667
1645.0
1678.3333333333335
1711.6666666666667
1745.0
1778.3333333333335
1811.6666666666667
1845.0000000000002
1878.3333333333335
1911.6666666666667
1945.0
1978.3333333333335
2011.6666666666667
2045.0
2078.3333333333335
2111.666666666667
2145.0
2178.3333333333335
2211.666666666667
2245.0
2278.3333333333335
2311.666666666667
2345.0
2378.3333333333335
2411.6666666666665
2445.0000000000005
2478.3333333333335
2511.6666666666665
2545.0000000000005
2578.3333333333335
2611.666666666667
2645.0
2678.3333333333335
2711.666666666667
2745.0
2778.3333333333335
2811.666666666667
2845.0
2878.3333333333335
2911.666666666667
2945.0000000000005
2980.0
3013.3333333333335
3046.666666666667
3080.0
3113.333333333334
3146.666666666667
3180.0
3213.3333333333335
3246.666666666667
3280.0000000000005
3313.3333333333335
3346.6666666666665
3380.0000000000005
3413.3333333333335
3446.666666666667
3480.0000000000005
3513.3333333333335
3546.666666666667
3580.0
3613.333333333334
3646.666666666667
3680.0
3713.3333333333335
3746.666666666667
3780.0000000000005
3813.3333333333335
3846.666666666667
3880.0000000000005
3913.3333333333335
3946.666666666667
3980.0000000000005
4013.3333333333335
4046.666666666667
4080.0
4113.333333333333
4146.666666666666
4180.000000000001
4213.333333333334
4246.666666666667
4280.0
4313.333333333333
4346.666666666667
4380.0
4413.333333333334
4446.666666666667
4480.0
4513.333333333334
4546.666666666667
4580.0
4613.333333333333
4646.666666666667
4680.000000000001
4713.333333333334
4746.666666666667
4780.0
4813.333333333333
4846.666666666667
4881.666666666667
4915.0
4948.333333333333
4981.666666666667
5015.000000000001
5048.333333333334
5081.666666666667
5115.0
5148.333333333333
5181.666666666667
5215.000000000001
5248.333333333334
5281.666666666667
5315.0
5348.333333333334
5381.666666666667
5415.0
5448.333333333333
5481.666666666667
5515.000000000001
5548.333333333334
5581.666666666667
5615.0
5648.333333333333
5681.666666666667
5715.000000000001
5748.333333333334
5781.666666666667
5815.0
5848.333333333334
5881.666666666667
5915.0
5948.333333333334
5981.666666666667
6015.000000000001
6048.333333333334
6081.666666666667
6115.0
6148.333333333333
6181.666666666667
6215.000000000001
6248.333333333334
6281.666666666667
6315.0
6348.333333333334
6381.666666666667
6415.0
6448.333333333334
6481.666666666667
6515.000000000001
6548.333333333334
6581.666666666667
6615.0
6648.333333333333
6681.666666666668
6715.000000000001
6748.333333333334
6781.666666666667
6816.666666666667
6850.000000000001
6883.333333333334
6916.666666666667
6950.0
6983.333333333333
7016.666666666668
7050.000000000001
7083.333333333334
7116.666666666667
7150.0
7183.333333333334
7216.666666666667
7250.000000000001
7283.333333333334
7316.666666666667
7350.000000000001
7383.333333333334
7416.666666666667
7450.0
7483.333333333333
7516.666666666668
7550.000000000001
7583.333333333334
7616.666666666667
7650.0
7683.333333333334
7716.666666666667
7750.000000000001
7783.333333333334
7816.666666666667
7850.000000000001
7883.333333333334
7916.666666666667
7950.0
7983.333333333334
8016.666666666668
8050.000000000001
8083.333333333334
8116.666666666667
8150.0
8183.333333333334
8216.666666666666
8250.0
8283.333333333334
8316.666666666666
8350.000000000002
8383.333333333334
8416.666666666668
8450.000000000002
8483.333333333334
8516.666666666668
8550.0
8583.333333333334
8616.666666666668
8650.0
8683.333333333334
8718.333333333334
8751.666666666666
8785.0
8818.333333333334
8851.666666666666
8885.0
8918.333333333334
8951.666666666668
8985.000000000002
9018.333333333334
9051.666666666668
9085.0
9118.333333333334
9151.666666666668
9185.0
9218.333333333334
9251.666666666666
9285.0
9318.333333333334
9351.666666666666
9385.0
9418.333333333334
9451.666666666668
9485.000000000002
9518.333333333334
9551.666666666668
9585.0
9618.333333333334
9651.666666666668
9685.0
9718.333333333334
9751.666666666666
9785.0
9818.333333333334
9851.666666666666
9885.0
9918.333333333334
9951.666666666668
9985.000000000002
10018.333333333334
10051.666666666668
10085.0
10118.333333333334
10151.666666666668
10185.0
10218.333333333334
10251.666666666666
10285.0
10318.333333333334
10351.666666666666
10385.0
10418.333333333334
10451.666666666668
10485.000000000002
10518.333333333334
10551.666666666668
10585.0
10618.333333333334
10653.333333333334
10686.666666666668
10720.0
10753.333333333334
10786.666666666668
10820.0
10853.333333333334
10886.666666666666
10920.0
10953.333333333336
10986.666666666668
11020.000000000002
11053.333333333334
11086.666666666668
11120.000000000002
11153.333333333334
11186.666666666668
11220.0
11253.333333333334
11286.666666666668
11320.0
11353.333333333334
11386.666666666666
11420.0
11453.333333333336
11486.666666666668
11520.000000000002
11553.333333333334
11586.666666666668
11620.000000000002
11653.333333333334
11686.666666666668
11720.0
11753.333333333334
11786.666666666668
11820.0
11853.333333333334
11886.666666666666
11920.0
11953.333333333336
11986.666666666668
12020.000000000002
12053.333333333334
12086.666666666668
12120.000000000002
12153.333333333334
12186.666666666668
12220.0
12253.333333333334
12286.666666666668
12320.0
12353.333333333334
12386.666666666666
12420.0
12453.333333333336
12486.666666666668
12520.000000000002
12555.000000000002
12588.333333333334
12621.666666666668
12655.000000000002
12688.333333333334
12721.666666666668
12755.0
12788.333333333334
12821.666666666668
12855.0
12888.333333333334
12921.666666666666
12955.0
12988.333333333334
13021.666666666668
13055.000000000002
13088.333333333334
13121.666666666668
13155.000000000002
13188.333333333334
13221.666666666668
13255.0
13288.333333333334
13321.666666666668
13355.0
13388.333333333334
13421.666666666666
13455.0
13488.333333333336
13521.666666666668
13555.000000000002
13588.333333333334
13621.666666666668
13655.000000000002
13688.333333333334
13721.666666666668
13755.0
13788.333333333334
13821.666666666668
13855.0
13888.333333333334
13921.666666666666
13955.0
13988.333333333336
14021.666666666668
14055.000000000002
14088.333333333334
14121.666666666668
14155.000000000002
14188.333333333334
14221.666666666668
14255.0
14288.333333333334
14321.666666666668
14355.0
14388.333333333334
14421.666666666666
14455.0
14490.0
14523.333333333334
14556.666666666668
14590.000000000002
14623.333333333336
14656.666666666668
14690.000000000002
14723.333333333334
14756.666666666668
14790.000000000002
14823.333333333334
14856.666666666668
14890.0
14923.333333333334
14956.666666666668
14990.0
15023.333333333334
15056.666666666668
15090.000000000002
15123.333333333336
15156.666666666668
15190.000000000002
15223.333333333334
15256.666666666668
15290.000000000002
15323.333333333334
15356.666666666668
15390.0
15423.333333333334
15456.666666666668
15490.0
15523.333333333336
15556.666666666668
15590.000000000002
15623.333333333336
15656.666666666668
15690.000000000002
15723.333333333334
15756.666666666668
15790.000000000002
15823.333333333334
15856.666666666668
15890.0
15923.333333333334
15956.666666666668
15990.0
16023.333333333334
16056.666666666668
16090.0
16123.333333333336
16156.666666666666
16190.000000000002
16223.333333333332
16256.666666666668
16290.000000000002
16323.333333333334
16356.66666666667
16391.666666666668
16425.0
16458.333333333336
16491.666666666668
16525.000000000004
16558.333333333332
16591.666666666668
16625.0
16658.333333333336
16691.666666666668
16725.0
16758.333333333332
16791.666666666668
16825.000000000004
16858.333333333336
16891.666666666668
16925.0
16958.333333333336
16991.666666666668
17025.000000000004
17058.333333333332
17091.666666666668
17125.0
17158.333333333336
17191.666666666668
17225.0
17258.333333333332
17291.666666666668
17325.000000000004
17358.333333333336
17391.666666666668
17425.0
17458.333333333336
17491.666666666668
17525.000000000004
17558.333333333332
17591.666666666668
17625.0
17658.333333333336
17691.666666666668
17725.0
17758.333333333332
17791.666666666668
17825.000000000004
17858.333333333336
17891.666666666668
17925.0
17958.333333333336
17991.666666666668
18025.000000000004
18058.333333333332
18091.666666666668
18125.0
18158.333333333336
18191.666666666668
18225.0
18258.333333333332
18291.666666666668
18326.666666666668
18360.0
18393.333333333336
18426.666666666668
18460.0
18493.333333333336
18526.666666666668
18560.000000000004
18593.333333333332
18626.666666666668
18660.0
18693.333333333336
18726.666666666668
18760.0
18793.333333333332
18826.666666666668
18860.000000000004
18893.333333333336
18926.666666666668
18960.0
18993.333333333336
19026.666666666668
19060.000000000004
19093.333333333332
19126.666666666668
19160.0
19193.333333333336
19226.666666666668
19260.0
19293.333333333332
19326.666666666668
19360.000000000004
19393.333333333336
19426.666666666668
19460.0
19493.333333333336
19526.666666666668
19560.000000000004
19593.333333333332
19626.666666666668
19660.0
19693.333333333336
19726.666666666668
19760.0
19793.333333333332
19826.666666666668
19860.000000000004
19893.333333333336
19926.666666666668
19960.0
19993.333333333336
20026.666666666668
20060.000000000004
20093.333333333332
20126.666666666668
20160.0
20193.333333333336
20228.333333333336
20261.666666666668
20295.0
20328.333333333332
20361.666666666668
20395.0
20428.333333333336
20461.666666666668
20495.0
20528.333333333336
20561.666666666668
20595.000000000004
20628.333333333332
20661.666666666668
20695.0
20728.333333333336
20761.666666666668
20795.0
20828.333333333332
20861.666666666668
20895.0
20928.333333333336
20961.666666666668
20995.0
21028.333333333336
21061.666666666668
21095.000000000004
21128.333333333332
21161.666666666668
21195.0
21228.333333333336
21261.666666666668
21295.0
21328.333333333332
21361.666666666668
21395.000000000004
21428.333333333336
21461.666666666668
21495.0
21528.333333333336
21561.666666666668
21595.000000000004
21628.333333333332
21661.666666666668
21695.0
21728.333333333336
21761.666666666668
21795.0
21828.333333333332
21861.666666666668
21895.000000000004
21928.333333333336
21961.666666666668
21995.0
22028.333333333336
22061.666666666668
22095.000000000004
22130.000000000004
22163.333333333336
22196.666666666668
22230.0
22263.333333333336
22296.666666666668
22330.000000000004
22363.333333333332
22396.666666666668
22430.0
22463.333333333336
22496.66666666667
22530.0
22563.333333333336
22596.666666666668
22630.000000000004
22663.333333333336
22696.666666666668
22730.0
22763.333333333336
22796.666666666668
22830.000000000004
22863.333333333332
22896.666666666668
22930.0
22963.333333333336
22996.66666666667
23030.0
23063.333333333336
23096.666666666668
23130.000000000004
23163.333333333336
23196.666666666668
23230.0
23263.333333333336
23296.666666666668
23330.000000000004
23363.333333333332
23396.666666666668
23430.000000000004
23463.333333333336
23496.66666666667
23530.0
23563.333333333336
23596.666666666668
23630.000000000004
23663.333333333336
23696.666666666668
23730.0
23763.333333333336
23796.666666666668
23830.000000000004
23863.333333333332
23896.666666666668
23930.000000000004
23963.333333333336
23996.66666666667
24030.0
24065.0
24098.333333333336
24131.666666666668
24165.000000000004
24198.333333333336
24231.666666666668
24265.0
24298.333333333336
24331.666666666668
24365.000000000004
24398.333333333332
24431.666666666668
24465.0
24498.333333333336
24531.66666666667
24565.0
24598.333333333336
24631.666666666668
24665.000000000004
24698.333333333336
24731.666666666668
24765.0
24798.333333333336
24831.666666666668
24865.000000000004
24898.333333333332
24931.666666666668
24965.0
24998.333333333336
25031.66666666667
25065.0
25098.333333333336
25131.666666666668
25165.000000000004
25198.333333333336
25231.666666666668
25265.0
25298.333333333336
25331.666666666668
25365.000000000004
25398.333333333332
25431.666666666668
25465.000000000004
25498.333333333336
25531.66666666667
25565.0
25598.333333333336
25631.666666666668
25665.000000000004
25698.333333333336
25731.666666666668
25765.0
25798.333333333336
25831.666666666668
25865.000000000004
25898.333333333332
25931.666666666668
25966.666666666668
26000.0
26033.333333333336
26066.66666666667
26100.0
26133.333333333336
26166.666666666668
26200.000000000004
26233.333333333336
26266.666666666668
26300.0
26333.333333333336
26366.666666666668
26400.000000000004
26433.333333333332
26466.666666666668
26500.0
26533.333333333336
26566.66666666667
26600.0
26633.333333333336
26666.666666666668
26700.000000000004
26733.333333333336
26766.666666666668
26800.0
26833.333333333336
26866.666666666668
26900.000000000004
26933.333333333332
26966.666666666668
27000.0
27033.333333333336
27066.66666666667
27100.0
27133.333333333336
27166.666666666668
27200.000000000004
27233.333333333336
27266.666666666668
27300.0
27333.333333333336
27366.666666666668
27400.000000000004
27433.333333333332
27466.666666666668
27500.0
27533.333333333336
27566.66666666667
27600.0
27633.333333333336
27666.666666666668
27700.000000000004
27733.333333333336
27766.666666666668
27800.0
27833.333333333336
27866.666666666668
27901.666666666668
27935.000000000004
27968.333333333332
28001.666666666668
28035.0
28068.333333333336
28101.66666666667
28135.0
28168.333333333336
28201.666666666668
28235.000000000004
28268.333333333336
28301.666666666668
28335.0
28368.333333333336
28401.666666666668
28435.000000000004
28468.333333333332
28501.666666666668
28535.0
28568.333333333336
28601.66666666667
28635.0
28668.333333333336
28701.666666666668
28735.000000000004
28768.333333333336
28801.666666666668
28835.0
28868.333333333336
28901.666666666668
28935.000000000004
28968.333333333332
29001.666666666668
29035.0
29068.333333333336
29101.66666666667
29135.0
29168.333333333336
29201.666666666668
29235.000000000004
29268.333333333336
29301.666666666668
29335.0
29368.333333333336
29401.666666666668
29435.000000000004
29468.333333333332
29501.666666666668
29535.0
29568.333333333336
29601.66666666667
29635.0
29668.333333333336
29701.666666666668
29735.000000000004
29768.333333333336
29803.333333333336
29836.666666666668
29870.0
29903.333333333336
29936.666666666668
29970.000000000004
30003.333333333332
30036.666666666668
30070.0
30103.333333333336
30136.66666666667
30170.0
30203.333333333336
30236.666666666668
30270.000000000004
30303.333333333336
30336.666666666668
30370.0
30403.333333333336
30436.666666666668
30470.000000000004
30503.333333333332
30536.666666666668
30570.0
30603.333333333336
30636.66666666667
30670.0
30703.333333333336
30736.666666666668
30770.000000000004
30803.333333333336
30836.666666666668
30870.0
30903.333333333336
30936.666666666668
30970.000000000004
31003.333333333332
31036.666666666668
31070.0
31103.333333333336
31136.66666666667
31170.0
31203.333333333336
31236.666666666668
31270.000000000004
31303.333333333336
31336.666666666668
31370.0
31403.333333333336
31436.666666666668
31470.000000000004
31503.333333333332
31536.666666666668
31570.0
31603.333333333336
31636.66666666667
31670.0
31705.000000000004
31738.333333333336
31771.666666666668
31805.000000000004
31838.333333333336
31871.66666666667
31905.0
31938.333333333336
31971.666666666668
32005.000000000004
32038.333333333336
32071.666666666664
32105.000000000004
32138.333333333336
32171.666666666668
32205.000000000004
32238.333333333336
32271.666666666668
32305.0
32338.33333333334
32371.66666666667
32405.0
32438.333333333332
32471.66666666667
32505.000000000004
32538.333333333336
32571.666666666664
32605.000000000004
32638.333333333336
32671.666666666668
32705.000000000004
32738.333333333336
32771.66666666667
32805.0
32838.333333333336
32871.66666666667
32905.0
32938.333333333336
32971.66666666667
33005.0
33038.333333333336
33071.666666666664
33105.00000000001
33138.333333333336
33171.666666666664
33205.00000000001
33238.333333333336
33271.66666666667
33305.0
33338.333333333336
33371.66666666667
33405.0
33438.333333333336
33471.66666666667
33505.0
33538.333333333336
33571.666666666664
33605.00000000001
33640.0
33673.33333333333
33706.66666666667
33740.0
33773.333333333336
33806.66666666667
33840.0
33873.333333333336
33906.666666666664
33940.00000000001
33973.333333333336
34006.666666666664
34040.0
34073.333333333336
34106.66666666667
34140.0
34173.33333333333
34206.66666666667
34240.0
34273.333333333336
34306.66666666667
34340.0
34373.333333333336
34406.666666666664
34440.00000000001
34473.333333333336
34506.666666666664
34540.0
34573.333333333336
34606.66666666667
34640.0
34673.33333333333
34706.66666666667
34740.0
34773.333333333336
34806.66666666667
34840.0
34873.333333333336
34906.666666666664
34940.00000000001
34973.333333333336
35006.666666666664
35040.0
35073.333333333336
35106.66666666667
35140.0
35173.333333333336
35206.66666666667
35240.0
35273.333333333336
35306.66666666667
35340.0
35373.333333333336
35406.666666666664
35440.00000000001
35473.333333333336
35506.666666666664
35541.66666666667
35575.0
35608.333333333336
35641.666666666664
35675.00000000001
35708.333333333336
35741.666666666664
35775.00000000001
35808.333333333336
35841.66666666667
35875.0
35908.333333333336
35941.66666666667
35975.0
36008.333333333336
36041.66666666667
36075.0
36108.333333333336
36141.666666666664
36175.00000000001
36208.333333333336
36241.666666666664
36275.00000000001
36308.333333333336
36341.66666666667
36375.0
36408.333333333336
36441.66666666667
36475.0
36508.333333333336
36541.66666666667
36575.0
36608.333333333336
36641.666666666664
36675.00000000001
36708.333333333336
36741.666666666664
36775.00000000001
36808.333333333336
36841.66666666667
36875.0
36908.333333333336
36941.66666666667
36975.0
37008.333333333336
37041.66666666667
37075.0
37108.333333333336
37141.666666666664
37175.00000000001
37208.333333333336
37241.666666666664
37275.00000000001
37308.333333333336
37341.66666666667
37375.0
37408.333333333336
37441.66666666667
37476.666666666664
37510.00000000001
37543.333333333336
37576.66666666667
37610.0
37643.333333333336
37676.66666666667
37710.0
37743.333333333336
37776.66666666667
37810.0
37843.333333333336
37876.66666666667
37910.00000000001
37943.333333333336
37976.666666666664
38010.00000000001
38043.333333333336
38076.66666666667
38110.0
38143.333333333336
38176.66666666667
38210.0
38243.333333333336
38276.66666666667
38310.0
38343.333333333336
38376.66666666667
38410.00000000001
38443.333333333336
38476.666666666664
38510.00000000001
38543.333333333336
38576.66666666667
38610.0
38643.333333333336
38676.66666666667
38710.0
38743.333333333336
38776.66666666667
38810.0
38843.333333333336
38876.66666666667
38910.00000000001
38943.333333333336
38976.666666666664
39010.00000000001
39043.333333333336
39076.66666666667
39110.0
39143.333333333336
39176.66666666667
39210.0
39243.33333333334
39276.66666666667
39310.0
39343.333333333336
39378.333333333336
39411.66666666667
39445.0
39478.333333333336
39511.66666666667
39545.0
39578.333333333336
39611.66666666667
39645.0
39678.333333333336
39711.666666666664
39745.00000000001
39778.333333333336
39811.666666666664
39845.00000000001
39878.333333333336
39911.66666666667
39945.0
39978.333333333336
40011.66666666667
40045.0
40078.333333333336
40111.66666666667
40145.0
40178.333333333336
40211.666666666664
40245.00000000001
40278.333333333336
40311.666666666664
40345.00000000001
40378.333333333336
40411.66666666667
40445.0
40478.333333333336
40511.66666666667
40545.0
40578.333333333336
40611.66666666667
40645.0
40678.333333333336
40711.666666666664
40745.00000000001
40778.333333333336
40811.666666666664
40845.00000000001
40878.333333333336
40911.66666666667
40945.0
40978.333333333336
41011.66666666667
41045.0
41078.333333333336
41111.66666666667
41145.0
41178.333333333336
41211.666666666664
41245.00000000001
41278.333333333336
41313.333333333336
41346.66666666667
41380.0
41413.333333333336
41446.66666666667
41480.00000000001
41513.333333333336
41546.666666666664
41580.00000000001
41613.333333333336
41646.66666666667
41680.0
41713.333333333336
41746.66666666667
41780.0
41813.333333333336
41846.66666666667
41880.0
41913.333333333336
41946.66666666667
41980.00000000001
42013.333333333336
42046.666666666664
42080.00000000001
42113.333333333336
42146.66666666667
42180.0
42213.333333333336
42246.66666666667
42280.0
42313.333333333336
42346.66666666667
42380.0
42413.333333333336
42446.66666666667
42480.00000000001
42513.333333333336
42546.666666666664
42580.00000000001
42613.333333333336
42646.66666666667
42680.0
42713.333333333336
42746.66666666667
42780.0
42813.333333333336
42846.66666666667
42880.0
42913.333333333336
42946.66666666667
42980.00000000001
43013.333333333336
43046.666666666664
43080.00000000001
43113.333333333336
43146.66666666667
43180.0
43215.0
43248.333333333336
43281.666666666664
43315.00000000001
43348.333333333336
43381.666666666664
43415.00000000001
43448.333333333336
43481.66666666667
43515.0
43548.333333333336
43581.66666666667
43615.0
43648.333333333336
43681.66666666667
43715.0
43748.333333333336
43781.666666666664
43815.00000000001
43848.333333333336
43881.666666666664
43915.00000000001
43948.333333333336
43981.66666666667
44015.0
44048.333333333336
44081.66666666667
44115.0
44148.333333333336
44181.66666666667
44215.0
44248.333333333336
44281.666666666664
44315.00000000001
44348.333333333336
44381.666666666664
44415.00000000001
44448.333333333336
44481.66666666667
44515.0
44548.333333333336
44581.66666666667
44615.0
44648.333333333336
44681.66666666667
44715.0
44748.333333333336
44781.666666666664
44815.00000000001
44848.333333333336
44881.666666666664
44915.00000000001
44948.333333333336
44981.66666666667
45015.0
45048.333333333336
45081.66666666667
45115.0
45150.00000000001
45183.333333333336
45216.66666666667
45250.0
45283.333333333336
45316.66666666667
45350.0
45383.333333333336
45416.66666666667
45450.0
45483.333333333336
45516.66666666667
45550.00000000001
45583.333333333336
45616.666666666664
45650.00000000001
45683.333333333336
45716.66666666667
45750.0
45783.333333333336
45816.66666666667
45850.0
45883.333333333336
45916.66666666667
45950.0
45983.333333333336
46016.66666666667
46050.00000000001
46083.333333333336
46116.666666666664
46150.00000000001
46183.333333333336
46216.66666666667
46250.0
46283.333333333336
46316.66666666667
46350.0
46383.333333333336
46416.66666666667
46450.0
46483.333333333336
46516.66666666667
46550.00000000001
46583.333333333336
46616.666666666664
46650.00000000001
46683.333333333336
46716.66666666667
46750.0
46783.333333333336
46816.66666666667
46850.0
46883.333333333336
46916.66666666667
46950.0
46983.333333333336
47016.66666666667
47051.66666666667
47085.0
47118.33333333334
47151.66666666667
47185.0
47218.333333333336
47251.66666666667
47285.00000000001
47318.333333333336
47351.666666666664
47385.00000000001
47418.333333333336
47451.66666666667
47485.00000000001
47518.333333333336
47551.66666666667
47585.0
47618.33333333334
47651.66666666667
47685.0
47718.333333333336
47751.66666666667
47785.00000000001
47818.333333333336
47851.666666666664
47885.00000000001
47918.333333333336
47951.66666666667
47985.00000000001
48018.333333333336
48051.66666666667
48085.0
48118.33333333334
48151.66666666667
48185.0
48218.333333333336
48251.66666666667
48285.00000000001
48318.333333333336
48351.666666666664
48385.00000000001
48418.333333333336
48451.66666666667
48485.00000000001
48518.333333333336
48551.66666666667
48585.0
48618.33333333334
48651.66666666667
48685.0
48718.333333333336
48751.66666666667
48785.00000000001
48818.333333333336
48851.666666666664
48885.00000000001
48918.333333333336
48953.333333333336
48986.66666666667
49020.0
49053.333333333336
49086.66666666667
49120.00000000001
49153.333333333336
49186.666666666664
49220.00000000001
49253.333333333336
49286.66666666667
49320.0
49353.333333333336
49386.66666666667
49420.0
49453.333333333336
49486.66666666667
49520.0
49553.333333333336
49586.66666666667
49620.00000000001
49653.333333333336
49686.666666666664
49720.00000000001
49753.333333333336
49786.66666666667
49820.0
49853.333333333336
49886.66666666667
49920.0
49953.333333333336
49986.66666666667
50020.0
50053.333333333336
50086.66666666667
50120.00000000001
50153.333333333336
50186.666666666664
50220.00000000001
50253.333333333336
50286.66666666667
50320.0
50353.333333333336
50386.66666666667
50420.0
50453.333333333336
50486.66666666667
50520.0
50553.333333333336
50586.66666666667
50620.00000000001
50653.333333333336
50686.666666666664
50720.00000000001
50753.333333333336
50786.66666666667
50820.0
50853.333333333336
50888.333333333336
50921.666666666664
50955.00000000001
50988.333333333336
51021.66666666667
51055.00000000001
51088.333333333336
51121.66666666667
51155.0
51188.33333333334
51221.66666666667
51255.0
51288.333333333336
51321.66666666667
51355.00000000001
51388.333333333336
51421.666666666664
51455.00000000001
51488.333333333336
51521.66666666667
51555.00000000001
51588.333333333336
51621.66666666667
51655.0
51688.33333333334
51721.66666666667
51755.0
51788.333333333336
51821.66666666667
51855.00000000001
51888.333333333336
51921.666666666664
51955.00000000001
51988.333333333336
52021.66666666667
52055.00000000001
52088.333333333336
52121.66666666667
52155.0
52188.33333333334
52221.66666666667
52255.0
52288.333333333336
52321.66666666667
52355.00000000001
52388.333333333336
52421.666666666664
52455.00000000001
52488.333333333336
52521.66666666667
52555.00000000001
52588.333333333336
52621.66666666667
52655.0
52688.33333333334
52721.66666666667
52755.0
52790.00000000001
52823.333333333336
52856.66666666667
52890.0
52923.333333333336
52956.66666666667
52990.0
53023.333333333336
53056.66666666667
53090.0
53123.333333333336
53156.66666666667
53190.00000000001
53223.333333333336
53256.666666666664
53290.00000000001
53323.333333333336
53356.66666666667
53390.0
53423.333333333336
53456.66666666667
53490.0
53523.333333333336
53556.66666666667
53590.0
53623.333333333336
53656.66666666667
53690.00000000001
53723.333333333336
53756.666666666664
53790.00000000001
53823.333333333336
53856.66666666667
53890.0
53923.333333333336
53956.66666666667
53990.0
54023.333333333336
54056.66666666667
54090.0
54123.333333333336
54156.66666666667
54190.00000000001
54223.333333333336
54256.666666666664
54290.00000000001
54323.333333333336
54356.66666666667
54390.0
54423.333333333336
54456.66666666667
54490.0
54523.333333333336
54556.66666666667
54590.0
54623.333333333336
54656.66666666667
54691.66666666667
54725.0
54758.33333333334
54791.66666666667
54825.0
54858.333333333336
54891.66666666667
54925.00000000001
54958.333333333336
54991.666666666664
55025.00000000001
55058.333333333336
55091.66666666667
55125.0
55158.333333333336
55191.66666666667
55225.0
55258.33333333334
55291.66666666667
55325.0
55358.333333333336
55391.66666666667
55425.00000000001
55458.333333333336
55491.666666666664
55525.00000000001
55558.333333333336
55591.66666666667
55625.00000000001
55658.333333333336
55691.66666666667
55725.0
55758.33333333334
55791.66666666667
55825.0
55858.333333333336
55891.66666666667
55925.00000000001
55958.333333333336
55991.666666666664
56025.00000000001
56058.333333333336
56091.66666666667
56125.00000000001
56158.333333333336
56191.66666666667
56225.0
56258.33333333334
56291.66666666667
56325.0
56358.333333333336
56391.66666666667
56425.00000000001
56458.333333333336
56491.666666666664
56525.00000000001
56558.333333333336
56591.66666666667
56626.66666666667
56660.00000000001
56693.333333333336
56726.66666666667
56760.00000000001
56793.333333333336
56826.66666666667
56860.00000000001
56893.333333333336
56926.66666666667
56960.0
56993.33333333334
57026.66666666667
57060.0
57093.333333333336
57126.66666666667
57160.00000000001
57193.333333333336
57226.66666666667
57260.00000000001
57293.333333333336
57326.66666666667
57360.00000000001
57393.333333333336
57426.66666666667
57460.0
57493.33333333334
57526.66666666667
57560.0
57593.333333333336
57626.66666666667
57660.00000000001
57693.333333333336
57726.66666666667
57760.00000000001
57793.333333333336
57826.66666666667
57860.00000000001
57893.333333333336
57926.66666666667
57960.0
57993.33333333334
58026.66666666667
58060.0
58093.333333333336
58126.66666666667
58160.00000000001
58193.333333333336
58226.66666666667
58260.00000000001
58293.333333333336
58326.66666666667
58360.00000000001
58393.333333333336
58426.66666666667
58460.0
58493.33333333334
58526.66666666667
58561.666666666664
58595.00000000001
58628.333333333336
58661.66666666667
58695.0
58728.333333333336
58761.66666666667
58795.0
58828.33333333334
58861.66666666667
58895.0
58928.333333333336
58961.66666666667
58995.00000000001
59028.333333333336
59061.666666666664
59095.00000000001
59128.333333333336
59161.66666666667
59195.0
59228.333333333336
59261.66666666667
59295.0
59328.33333333334
59361.66666666667
59395.0
59428.333333333336
59461.66666666667
59495.00000000001
59528.333333333336
59561.666666666664
59595.00000000001
59628.333333333336
59661.66666666667
59695.0
59728.333333333336
59761.66666666667
59795.0
59828.33333333334
59861.66666666667
59895.0
59928.333333333336
59961.66666666667
59995.00000000001
60028.333333333336
60061.666666666664
60095.00000000001
60128.333333333336
60161.66666666667
60195.00000000001
60228.333333333336
60261.66666666667
60295.0
60328.33333333334
60361.66666666667
60395.0
60428.333333333336
60463.333333333336
60496.66666666667
60530.0
60563.33333333334
60596.66666666667
60630.0
60663.333333333336
60696.66666666667
60730.00000000001
60763.333333333336
60796.66666666667
60830.00000000001
60863.333333333336
60896.66666666667
60930.00000000001
60963.333333333336
60996.66666666667
61030.0
61063.33333333334
61096.66666666667
61130.0
61163.333333333336
61196.66666666667
61230.00000000001
61263.333333333336
61296.66666666667
61330.00000000001
61363.333333333336
61396.66666666667
61430.00000000001
61463.333333333336
61496.66666666667
61530.0
61563.33333333334
61596.66666666667
61630.0
61663.333333333336
61696.66666666667
61730.00000000001
61763.333333333336
61796.66666666667
61830.00000000001
61863.333333333336
61896.66666666667
61930.00000000001
61963.333333333336
61996.66666666667
62030.0
62063.33333333334
62096.66666666667
62130.0
62163.333333333336
62196.66666666667
62230.00000000001
62263.333333333336
62296.66666666667
62330.00000000001
62365.0
62398.33333333334
62431.66666666667
62465.0
62498.333333333336
62531.66666666667
62565.00000000001
62598.333333333336
62631.666666666664
62665.00000000001
62698.333333333336
62731.66666666667
62765.0
62798.333333333336
62831.66666666667
62865.0
62898.33333333334
62931.66666666667
62965.0
62998.333333333336
63031.66666666667
63065.00000000001
63098.333333333336
63131.666666666664
63165.00000000001
63198.333333333336
63231.66666666667
63265.0
63298.333333333336
63331.66666666667
63365.0
63398.33333333334
63431.66666666667
63465.0
63498.333333333336
63531.66666666667
63565.00000000001
63598.333333333336
63631.666666666664
63665.00000000001
63698.333333333336
63731.66666666667
63765.0
63798.333333333336
63831.66666666667
63865.0
63898.33333333334
63931.66666666667
63965.0
63998.333333333336
64031.666666666664
64065.0
64098.33333333334
64131.66666666667
64165.00000000001
64198.333333333336
64231.66666666667
64265.0
64300.0
64333.33333333334
64366.66666666667
64400.00000000001
64433.333333333336
64466.66666666667
64500.0
64533.33333333333
64566.66666666668
64600.00000000001
64633.33333333334
64666.66666666667
64700.0
64733.333333333336
64766.666666666664
64800.0
64833.33333333334
64866.66666666667
64900.00000000001
64933.333333333336
64966.66666666667
65000.0
65033.33333333333
65066.66666666668
65100.00000000001
65133.33333333334
65166.66666666667
65200.0
65233.333333333336
65266.666666666664
65300.0
65333.33333333334
65366.66666666667
65400.00000000001
65433.333333333336
65466.66666666667
65500.0
65533.33333333333
65566.66666666667
65600.00000000001
65633.33333333334
65666.66666666667
65700.0
65733.33333333333
65766.66666666667
65800.0
65833.33333333334
65866.66666666667
65900.0
65933.33333333334
65966.66666666667
66000.0
66033.33333333333
66066.66666666667
66100.00000000001
66133.33333333334
66166.66666666667
66201.66666666667
66235.0
66268.33333333333
66301.66666666667
66335.00000000001
66368.33333333334
66401.66666666667
66435.0
66468.33333333333
66501.66666666667
66535.00000000001
66568.33333333334
66601.66666666667
66635.0
66668.33333333334
66701.66666666667
66735.0
66768.33333333333
66801.66666666667
66835.00000000001
66868.33333333334
66901.66666666667
66935.0
66968.33333333333
67001.66666666667
67035.00000000001
67068.33333333334
67101.66666666667
67135.0
67168.33333333334
67201.66666666667
67235.0
67268.33333333333
67301.66666666667
67335.00000000001
67368.33333333334
67401.66666666667
67435.0
67468.33333333333
67501.66666666667
67535.00000000001
67568.33333333334
67601.66666666667
67635.0
67668.33333333334
67701.66666666667
67735.0
67768.33333333333
67801.66666666667
67835.00000000001
67868.33333333334
67901.66666666667
67935.0
67968.33333333333
68001.66666666667
68035.00000000001
68068.33333333334
68101.66666666667
68136.66666666667
68170.0
68203.33333333333
68236.66666666667
68270.00000000001
68303.33333333334
68336.66666666667
68370.0
68403.33333333334
68436.66666666667
68470.0
68503.33333333334
68536.66666666667
68570.00000000001
68603.33333333334
68636.66666666667
68670.0
68703.33333333333
68736.66666666667
68770.00000000001
68803.33333333334
68836.66666666667
68870.0
68903.33333333334
68936.66666666667
68970.0
69003.33333333334
69036.66666666667
69070.00000000001
69103.33333333334
69136.66666666667
69170.0
69203.33333333333
69236.66666666667
69270.00000000001
69303.33333333334
69336.66666666667
69370.0
69403.33333333334
69436.66666666667
69470.0
69503.33333333334
69536.66666666667
69570.00000000001
69603.33333333334
69636.66666666667
69670.0
69703.33333333333
69736.66666666667
69770.00000000001
69803.33333333334
69836.66666666667
69870.0
69903.33333333334
69936.66666666667
69970.0
70003.33333333334
70038.33333333334
70071.66666666667
70105.0
70138.33333333333
70171.66666666667
70205.0
70238.33333333334
70271.66666666667
70305.0
70338.33333333334
70371.66666666667
70405.0
70438.33333333333
70471.66666666667
70505.00000000001
70538.33333333334
70571.66666666667
70605.0
70638.33333333333
70671.66666666667
70705.0
70738.33333333334
70771.66666666667
70805.0
70838.33333333334
70871.66666666667
70905.0
70938.33333333333
70971.66666666667
71005.00000000001
71038.33333333334
71071.66666666667
71105.0
71138.33333333333
71171.66666666667
71205.0
71238.33333333334
71271.66666666667
71305.0
71338.33333333334
71371.66666666667
71405.0
71438.33333333333
71471.66666666667
71505.00000000001
71538.33333333334
71571.66666666667
71605.0
71638.33333333333
71671.66666666667
71705.0
71738.33333333334
71771.66666666667
71805.0
71838.33333333334
71871.66666666667
71905.0
71940.0
71973.33333333334
72006.66666666667
72040.0
72073.33333333334
72106.66666666667
72140.0
72173.33333333333
72206.66666666667
72240.00000000001
72273.33333333334
72306.66666666667
72340.0
72373.33333333333
72406.66666666667
72440.0
72473.33333333334
72506.66666666667
72540.0
72573.33333333334
72606.66666666667
72640.0
72673.33333333333
72706.66666666667
72740.00000000001
72773.33333333334
72806.66666666667
72840.0
72873.33333333333
72906.66666666667
72940.0
72973.33333333334
73006.66666666667
73040.0
73073.33333333334
73106.66666666667
73140.0
73173.33333333333
73206.66666666667
73240.00000000001
73273.33333333334
73306.66666666667
73340.0
73373.33333333333
73406.66666666667
73440.0
73473.33333333334
73506.66666666667
73540.0
73573.33333333334
73606.66666666667
73640.0
73673.33333333333
73706.66666666667
73740.00000000001
73773.33333333334
73806.66666666667
73840.0
73875.0
73908.33333333333
73941.66666666667
73975.00000000001
74008.33333333334
74041.66666666667
74075.0
74108.33333333333
74141.66666666667
74175.00000000001
74208.33333333334
74241.66666666667
74275.0
74308.33333333334
74341.66666666667
74375.0
74408.33333333333
74441.66666666667
74475.00000000001
74508.33333333334
74541.66666666667
74575.0
74608.33333333333
74641.66666666667
74675.00000000001
74708.33333333334
74741.66666666667
74775.0
74808.33333333334
74841.66666666667
74875.0
74908.33333333333
74941.66666666667
74975.00000000001
75008.33333333334
75041.66666666667
75075.0
75108.33333333333
75141.66666666667
75175.00000000001
75208.33333333334
75241.66666666667
75275.0
75308.33333333334
75341.66666666667
75375.0
75408.33333333333
75441.66666666667
75475.00000000001
75508.33333333334
75541.66666666667
75575.0
75608.33333333333
75641.66666666667
75675.00000000001
75708.33333333334
75741.66666666667
75776.66666666667
75810.0
75843.33333333333
75876.66666666667
75910.00000000001
75943.33333333334
75976.66666666667
76010.0
76043.33333333334
76076.66666666667
76110.0
76143.33333333334
76176.66666666667
76210.00000000001
76243.33333333334
76276.66666666667
76310.0
76343.33333333333
76376.66666666667
76410.00000000001
76443.33333333334
76476.66666666667
76510.0
76543.33333333334
76576.66666666667
76610.0
76643.33333333334
76676.66666666667
76710.00000000001
76743.33333333334
76776.66666666667
76810.0
76843.33333333333
76876.66666666667
76910.00000000001
76943.33333333334
76976.66666666667
77010.0
77043.33333333334
77076.66666666667
77110.0
77143.33333333334
77176.66666666667
77210.00000000001
77243.33333333334
77276.66666666667
77310.0
77343.33333333333
77376.66666666667
77410.00000000001
77443.33333333334
77476.66666666667
77510.0
77543.33333333334
77576.66666666667
77610.0
77643.33333333334
77676.66666666667
77711.66666666667
77745.0
77778.33333333334
77811.66666666667
77845.0
77878.33333333334
77911.66666666667
77945.00000000001
77978.33333333334
78011.66666666667
78045.0
78078.33333333333
78111.66666666667
78145.00000000001
78178.33333333334
78211.66666666667
78245.0
78278.33333333334
78311.66666666667
78345.0
78378.33333333334
78411.66666666667
78445.00000000001
78478.33333333334
78511.66666666667
78545.0
78578.33333333333
78611.66666666669
78645.00000000001
78678.33333333334
78711.66666666667
78745.0
78778.33333333334
78811.66666666667
78845.0
78878.33333333334
78911.66666666667
78945.00000000001
78978.33333333334
79011.66666666667
79045.0
79078.33333333333
79111.66666666669
79145.00000000001
79178.33333333334
79211.66666666667
79245.0
79278.33333333334
79311.66666666667
79345.0
79378.33333333334
79411.66666666667
79445.00000000001
79478.33333333334
79511.66666666667
79545.0
79578.33333333333
79613.33333333334
79646.66666666667
79680.0
79713.33333333334
79746.66666666667
79780.0
79813.33333333333
79846.66666666667
79880.00000000001
79913.33333333334
79946.66666666667
79980.0
80013.33333333333
80046.66666666667
80080.0
80113.33333333334
80146.66666666667
80180.0
80213.33333333334
80246.66666666667
80280.0
80313.33333333333
80346.66666666667
80380.00000000001
80413.33333333334
80446.66666666667
80480.0
80513.33333333333
80546.66666666667
80580.0
80613.33333333334
80646.66666666667
80680.0
80713.33333333334
80746.66666666667
80780.0
80813.33333333333
80846.66666666667
80880.00000000001
80913.33333333334
80946.66666666667
80980.0
81013.33333333333
81046.66666666667
81080.0
81113.33333333334
81146.66666666667
81180.0
81213.33333333334
81246.66666666667
81280.0
81313.33333333333
81346.66666666667
81380.00000000001
81413.33333333334
81446.66666666667
81480.0
81513.33333333333
81548.33333333333
81581.66666666667
81615.00000000001
81648.33333333334
81681.66666666667
81715.0
81748.33333333333
81781.66666666667
81815.00000000001
81848.33333333334
81881.66666666667
81915.0
81948.33333333334
81981.66666666667
82015.0
82048.33333333333
82081.66666666667
82115.00000000001
82148.33333333334
82181.66666666667
82215.0
82248.33333333333
82281.66666666667
82315.00000000001
82348.33333333334
82381.66666666667
82415.0
82448.33333333334
82481.66666666667
82515.0
82548.33333333333
82581.66666666667
82615.00000000001
82648.33333333334
82681.66666666667
82715.0
82748.33333333333
82781.66666666667
82815.00000000001
82848.33333333334
82881.66666666667
82915.0
82948.33333333334
82981.66666666667
83015.0
83048.33333333333
83081.66666666667
83115.00000000001
83148.33333333334
83181.66666666667
83215.0
83248.33333333333
83281.66666666667
83315.00000000001
83348.33333333334
83381.66666666667
83415.0
83450.0
83483.33333333333
83516.66666666667
83550.00000000001
83583.33333333334
83616.66666666667
83650.0
83683.33333333334
83716.66666666667
83750.0
83783.33333333334
83816.66666666667
83850.00000000001
83883.33333333334
83916.66666666667
83950.0
83983.33333333333
84016.66666666667
84050.00000000001
84083.33333333334
84116.66666666667
84150.0
84183.33333333334
84216.66666666667
84250.0
84283.33333333334
84316.66666666667
84350.00000000001
84383.33333333334
84416.66666666667
84450.0
84483.33333333333
84516.66666666667
84550.00000000001
84583.33333333334
84616.66666666667
84650.0
84683.33333333334
84716.66666666667
84750.0
84783.33333333334
84816.66666666667
84850.00000000001
84883.33333333334
84916.66666666667
84950.0
84983.33333333333
85016.66666666667
85050.00000000001
85083.33333333334
85116.66666666667
85150.0
85183.33333333334
85216.66666666667
85250.0
85283.33333333334
85316.66666666667
85351.66666666667
85385.0
85418.33333333334
85451.66666666667
85485.0
85518.33333333334
85551.66666666667
85585.00000000001
85618.33333333334
85651.66666666667
85685.0
85718.33333333333
85751.66666666667
85785.00000000001
85818.33333333334
85851.66666666667
85885.0
85918.33333333334
85951.66666666667
85985.0
86018.33333333334
86051.66666666667
86085.00000000001
86118.33333333334
86151.66666666667
86185.0
86218.33333333333
86251.66666666667
86285.00000000001
86318.33333333334
86351.66666666667
86385.0
86418.33333333334
86451.66666666667
86485.0
86518.33333333334
86551.66666666667
86585.00000000001
86618.33333333334
86651.66666666667
86685.0
86718.33333333333
86751.66666666667
86785.00000000001
86818.33333333334
86851.66666666667
86885.0
86918.33333333334
86951.66666666667
86985.0
87018.33333333334
87051.66666666667
87085.00000000001
87118.33333333334
87151.66666666667
87185.0
87218.33333333333
87251.66666666669
87286.66666666667
87320.00000000001
87353.33333333334
87386.66666666667
87420.0
87453.33333333333
87486.66666666669
87520.00000000001
87553.33333333334
87586.66666666667
87620.0
87653.33333333334
87686.66666666667
87720.0
87753.33333333334
87786.66666666667
87820.00000000001
87853.33333333334
87886.66666666667
87920.0
87953.33333333333
87986.66666666669
88020.00000000001
88053.33333333334
88086.66666666667
88120.0
88153.33333333334
88186.66666666667
88220.0
88253.33333333334
88286.66666666667
88320.00000000001
88353.33333333334
88386.66666666667
88420.0
88453.33333333333
88486.66666666669
88520.00000000001
88553.33333333334
88586.66666666667
88620.0
88653.33333333334
88686.66666666667
88720.0
88753.33333333334
88786.66666666667
88820.00000000001
88853.33333333334
88886.66666666667
88920.0
88953.33333333333
88986.66666666669
89020.00000000001
89053.33333333334
89086.66666666667
89120.0
89153.33333333334
89188.33333333333
89221.66666666667
89255.00000000001
89288.33333333334
89321.66666666667
89355.0
89388.33333333333
89421.66666666667
89455.00000000001
89488.33333333334
89521.66666666667
89555.0
89588.33333333334
89621.66666666667
89655.0
89688.33333333333
89721.66666666667
89755.00000000001
89788.33333333334
89821.66666666667
89855.0
89888.33333333333
89921.66666666667
89955.00000000001
89988.33333333334
90021.66666666667
90055.0
90088.33333333334
90121.66666666667
90155.0
90188.33333333333
90221.66666666667
90255.00000000001
90288.33333333334
90321.66666666667
90355.0
90388.33333333333
90421.66666666667
90455.00000000001
90488.33333333334
90521.66666666667
90555.0
90588.33333333334
90621.66666666667
90655.0
90688.33333333333
90721.66666666667
90755.00000000001
90788.33333333334
90821.66666666667
90855.0
90888.33333333333
90921.66666666667
90955.00000000001
90988.33333333334
91021.66666666667
91055.0
91088.33333333334
91123.33333333333
91156.66666666667
91190.00000000001
91223.33333333334
91256.66666666667
91290.0
91323.33333333334
91356.66666666667
91390.0
91423.33333333334
91456.66666666667
91490.00000000001
91523.33333333334
91556.66666666667
91590.0
91623.33333333333
91656.66666666667
91690.00000000001
91723.33333333334
91756.66666666667
91790.0
91823.33333333334
91856.66666666667
91890.0
91923.33333333334
91956.66666666667
91990.00000000001
92023.33333333334
92056.66666666667
92090.0
92123.33333333333
92156.66666666667
92190.00000000001
92223.33333333334
92256.66666666667
92290.0
92323.33333333334
92356.66666666667
92390.0
92423.33333333334
92456.66666666667
92490.00000000001
92523.33333333334
92556.66666666667
92590.0
92623.33333333333
92656.66666666667
92690.00000000001
92723.33333333334
92756.66666666667
92790.0
92823.33333333334
92856.66666666667
92890.0
92923.33333333334
92956.66666666667
92990.00000000001
93025.0
93058.33333333334
93091.66666666667
93125.0
93158.33333333334
93191.66666666667
93225.00000000001
93258.33333333334
93291.66666666667
93325.0
93358.33333333333
93391.66666666667
93425.00000000001
93458.33333333334
93491.66666666667
93525.0
93558.33333333334
93591.66666666667
93625.0
93658.33333333334
93691.66666666667
93725.00000000001
93758.33333333334
93791.66666666667
93825.0
93858.33333333333
93891.66666666667
93925.00000000001
93958.33333333334
93991.66666666667
94025.0
94058.33333333334
94091.66666666667
94125.0
94158.33333333334
94191.66666666667
94225.00000000001
94258.33333333334
94291.66666666667
94325.0
94358.33333333333
94391.66666666667
94425.00000000001
94458.33333333334
94491.66666666667
94525.0
94558.33333333334
94591.66666666667
94625.0
94658.33333333334
94691.66666666667
94725.00000000001
94758.33333333334
94791.66666666667
94825.0
94858.33333333333
94891.66666666667
94925.00000000001
94960.00000000001
94993.33333333334
95026.66666666667
95060.0
95093.33333333333
95126.66666666669
95160.00000000001
95193.33333333334
95226.66666666667
95260.0
95293.33333333334
95326.66666666667
95360.0
95393.33333333334
95426.66666666667
95460.00000000001
95493.33333333334
95526.66666666667
95560.0
95593.33333333333
95626.66666666669
95660.00000000001
95693.33333333334
95726.66666666667
95760.0
95793.33333333334
95826.66666666667
95860.0
95893.33333333334
95926.66666666667
95960.00000000001
95993.33333333334
96026.66666666667
96060.0
96093.33333333333
96126.66666666669
96160.00000000001
96193.33333333334
96226.66666666667
96260.0
96293.33333333334
96326.66666666667
96360.0
96393.33333333334
96426.66666666667
96460.00000000001
96493.33333333334
96526.66666666667
96560.0
96593.33333333333
96626.66666666669
96660.00000000001
96693.33333333334
96726.66666666667
96760.0
96793.33333333334
96826.66666666667
96861.66666666669
96895.00000000001
96928.33333333334
96961.66666666667
96995.0
97028.33333333334
97061.66666666667
97095.00000000001
97128.33333333334
97161.66666666667
97195.00000000001
97228.33333333334
97261.66666666667
97295.0
97328.33333333333
97361.66666666669
97395.00000000001
97428.33333333334
97461.66666666667
97495.0
97528.33333333334
97561.66666666667
97595.00000000001
97628.33333333334
97661.66666666667
97695.00000000001
97728.33333333334
97761.66666666667
97795.0
97828.33333333333
97861.66666666669
97895.00000000001
97928.33333333334
97961.66666666667
97995.0
98028.33333333334
98061.66666666667
98095.00000000001
98128.33333333334
98161.66666666667
98195.00000000001
98228.33333333334
98261.66666666667
98295.0
98328.33333333333
98361.66666666669
98395.00000000001
98428.33333333334
98461.66666666667
98495.0
98528.33333333334
98561.66666666667
98595.00000000001
98628.33333333334
98661.66666666667
98695.00000000001
98728.33333333334
98761.66666666667
98796.66666666667
98830.00000000001
98863.33333333334
98896.66666666667
98930.0
98963.33333333334
98996.66666666667
99030.0
99063.33333333334
99096.66666666667
99130.00000000001
99163.33333333334
99196.66666666667
99230.0
99263.33333333333
99296.66666666667
99330.00000000001
99363.33333333334
99396.66666666667
99430.0
99463.33333333334
99496.66666666667
99530.0
99563.33333333334
99596.66666666667
99630.00000000001
99663.33333333334
99696.66666666667
99730.0
99763.33333333333
99796.66666666667
99830.00000000001
99863.33333333334
99896.66666666667
99930.0
99963.33333333334
99996.66666666667
100030.0
100063.33333333334
100096.66666666667
100130.00000000001
100163.33333333334
100196.66666666667
100230.0
100263.33333333333
100296.66666666667
100330.00000000001
100363.33333333334
100396.66666666667
100430.0
100463.33333333334
100496.66666666667
100530.0
100563.33333333334
100596.66666666667
100630.00000000001
100663.33333333334
100698.33333333334
100731.66666666667
100765.0
100798.33333333334
100831.66666666667
100865.00000000001
100898.33333333334
100931.66666666667
100965.0
100998.33333333333
101031.66666666667
101065.00000000001
101098.33333333334
101131.66666666667
101165.0
101198.33333333334
101231.66666666667
101265.0
101298.33333333334
101331.66666666667
101365.00000000001
101398.33333333334
101431.66666666667
101465.0
101498.33333333333
101531.66666666667
101565.00000000001
101598.33333333334
101631.66666666667
101665.0
101698.33333333334
101731.66666666667
101765.0
101798.33333333334
101831.66666666667
101865.00000000001
101898.33333333334
101931.66666666667
101965.0
101998.33333333333
102031.66666666667
102065.00000000001
102098.33333333334
102131.66666666667
102165.0
102198.33333333334
102231.66666666667
102265.0
102298.33333333334
102331.66666666667
102365.00000000001
102398.33333333334
102431.66666666667
102465.0
102498.33333333333
102531.66666666667
102565.00000000001
102600.00000000001
102633.33333333334
102666.66666666667
102700.0
102733.33333333333
102766.66666666669
102800.00000000001
102833.33333333334
102866.66666666667
102900.0
102933.33333333334
102966.66666666667
103000.0
103033.33333333334
103066.66666666667
103100.00000000001
103133.33333333334
103166.66666666667
103200.0
103233.33333333333
103266.66666666669
103300.00000000001
103333.33333333334
103366.66666666667
103400.0
103433.33333333334
103466.66666666667
103500.0
103533.33333333334
103566.66666666667
103600.00000000001
103633.33333333334
103666.66666666667
103700.0
103733.33333333333
103766.66666666669
103800.00000000001
103833.33333333334
103866.66666666667
103900.0
103933.33333333334
103966.66666666667
104000.0
104033.33333333334
104066.66666666667
104100.00000000001
104133.33333333334
104166.66666666667
104200.0
104233.33333333333
104266.66666666669
104300.00000000001
104333.33333333334
104366.66666666667
104400.0
104433.33333333334
104466.66666666667
104500.0
104535.00000000001
104568.33333333334
104601.66666666667
104635.0
104668.33333333334
104701.66666666667
104735.00000000001
104768.33333333334
104801.66666666667
104835.00000000001
104868.33333333334
104901.66666666667
104935.0
104968.33333333333
105001.66666666669
105035.00000000001
105068.33333333334
105101.66666666667
105135.0
105168.33333333334
105201.66666666667
105235.00000000001
105268.33333333334
105301.66666666667
105335.00000000001
105368.33333333334
105401.66666666667
105435.0
105468.33333333333
105501.66666666669
105535.00000000001
105568.33333333334
105601.66666666667
105635.0
105668.33333333334
105701.66666666667
105735.00000000001
105768.33333333334
105801.66666666667
105835.00000000001
105868.33333333334
105901.66666666667
105935.0
105968.33333333333
106001.66666666669
106035.00000000001
106068.33333333334
106101.66666666667
106135.0
106168.33333333334
106201.66666666667
106235.00000000001
106268.33333333334
106301.66666666667
106335.00000000001
106368.33333333334
106401.66666666667
106436.66666666667
106470.00000000001
106503.33333333334
106536.66666666667
106570.00000000001
106603.33333333334
106636.66666666667
106670.0
106703.33333333333
106736.66666666669
106770.00000000001
106803.33333333334
106836.66666666667
106870.0
106903.33333333334
106936.66666666667
106970.00000000001
107003.33333333334
107036.66666666667
107070.00000000001
107103.33333333334
107136.66666666667
107170.0
107203.33333333333
107236.66666666669
107270.00000000001
107303.33333333334
107336.66666666667
107370.0
107403.33333333334
107436.66666666667
107470.00000000001
107503.33333333334
107536.66666666667
107570.00000000001
107603.33333333334
107636.66666666667
107670.0
107703.33333333333
107736.66666666669
107770.00000000001
107803.33333333334
107836.66666666667
107870.0
107903.33333333334
107936.66666666667
107970.00000000001
108003.33333333334
108036.66666666667
108070.00000000001
108103.33333333334
108136.66666666667
108170.0
108203.33333333334
108236.66666666669
108270.00000000001
108303.33333333334
108336.66666666667
108371.66666666667
108405.0
108438.33333333334
108471.66666666667
108505.00000000001
108538.33333333334
108571.66666666667
108605.0
108638.33333333333
108671.66666666667
108705.00000000001
108738.33333333334
108771.66666666667
108805.0
108838.33333333334
108871.66666666667
108905.0
108938.33333333334
108971.66666666667
109005.00000000001
109038.33333333334
109071.66666666667
109105.0
109138.33333333333
109171.66666666667
109205.00000000001
109238.33333333334
109271.66666666667
109305.0
109338.33333333334
109371.66666666667
109405.0
109438.33333333334
109471.66666666667
109505.00000000001
109538.33333333334
109571.66666666667
109605.0
109638.33333333333
109671.66666666667
109705.00000000001
109738.33333333334
109771.66666666667
109805.0
109838.33333333334
109871.66666666667
109905.0
109938.33333333334
109971.66666666667
110005.00000000001
110038.33333333334
110071.66666666667
110105.0
110138.33333333333
110171.66666666667
110205.00000000001
110238.33333333334
110273.33333333334
110306.66666666667
110340.0
110373.33333333333
110406.66666666669
110440.00000000001
110473.33333333334
110506.66666666667
110540.0
110573.33333333334
110606.66666666667
110640.0
110673.33333333334
110706.66666666667
110740.00000000001
110773.33333333334
110806.66666666667
110840.0
110873.33333333333
110906.66666666669
110940.00000000001
110973.33333333334
111006.66666666667
111040.0
111073.33333333334
111106.66666666667
111140.0
111173.33333333334
111206.66666666667
111240.00000000001
111273.33333333334
111306.66666666667
111340.0
111373.33333333333
111406.66666666669
111440.00000000001
111473.33333333334
111506.66666666667
111540.0
111573.33333333334
111606.66666666667
111640.0
111673.33333333334
111706.66666666667
111740.00000000001
111773.33333333334
111806.66666666667
111840.0
111873.33333333333
111906.66666666669
111940.00000000001
111973.33333333334
112006.66666666667
112040.0
112073.33333333334
112106.66666666667
112140.0
112175.00000000001
112208.33333333334
112241.66666666667
112275.0
112308.33333333334
112341.66666666667
112375.00000000001
112408.33333333334
112441.66666666667
112475.00000000001
112508.33333333334
112541.66666666667
112575.0
112608.33333333333
112641.66666666669
112675.00000000001
112708.33333333334
112741.66666666667
112775.0
112808.33333333334
112841.66666666667
112875.00000000001
112908.33333333334
112941.66666666667
112975.00000000001
113008.33333333334
113041.66666666667
113075.0
113108.33333333333
113141.66666666669
113175.00000000001
113208.33333333334
113241.66666666667
113275.0
113308.33333333334
113341.66666666667
113375.00000000001
113408.33333333334
113441.66666666667
113475.00000000001
113508.33333333334
113541.66666666667
113575.0
113608.33333333333
113641.66666666669
113675.00000000001
113708.33333333334
113741.66666666667
113775.0
113808.33333333334
113841.66666666667
113875.00000000001
113908.33333333334
113941.66666666667
113975.00000000001
114008.33333333334
114041.66666666667
114075.0
114110.00000000001
114143.33333333334
114176.66666666667
114210.00000000001
114243.33333333334
114276.66666666667
114310.0
114343.33333333333
114376.66666666669
114410.00000000001
114443.33333333334
114476.66666666667
114510.0
114543.33333333334
114576.66666666667
114610.00000000001
114643.33333333334
114676.66666666667
114710.00000000001
114743.33333333334
114776.66666666667
114810.0
114843.33333333333
114876.66666666669
114910.00000000001
114943.33333333334
114976.66666666667
115010.0
115043.33333333334
115076.66666666667
115110.00000000001
115143.33333333334
115176.66666666667
115210.00000000001
115243.33333333334
115276.66666666667
115310.0
115343.33333333333
115376.66666666669
115410.00000000001
115443.33333333334
115476.66666666667
115510.0
115543.33333333334
115576.66666666667
115610.00000000001
115643.33333333334
115676.66666666667
115710.00000000001
115743.33333333334
115776.66666666667
115810.0
115843.33333333333
115876.66666666669
115910.00000000001
115943.33333333334
115976.66666666667
116011.66666666667
116045.0
116078.33333333334
116111.66666666669
116145.00000000001
116178.33333333334
116211.66666666667
116245.0
116278.33333333334
116311.66666666667
116345.00000000001
116378.33333333334
116411.66666666667
116445.00000000001
116478.33333333334
116511.66666666667
116545.0
116578.33333333334
116611.66666666669
116645.00000000001
116678.33333333334
116711.66666666667
116745.0
116778.33333333334
116811.66666666667
116845.00000000001
116878.33333333334
116911.66666666667
116945.00000000001
116978.33333333334
117011.66666666667
117045.0
117078.33333333334
117111.66666666669
117145.00000000001
117178.33333333334
117211.66666666667
117245.0
117278.33333333334
117311.66666666667
117345.00000000001
117378.33333333334
117411.66666666667
117445.00000000001
117478.33333333334
117511.66666666667
117545.0
117578.33333333334
117611.66666666669
117645.00000000001
117678.33333333334
117711.66666666667
117745.0
117778.33333333334
117811.66666666667
117845.00000000001
117878.33333333334
117911.66666666667
117946.66666666667
117980.0
118013.33333333333
118046.66666666669
118080.00000000001
118113.33333333334
118146.66666666667
118180.0
118213.33333333334
118246.66666666667
118280.0
118313.33333333334
118346.66666666667
118380.00000000001
118413.33333333334
118446.66666666667
118480.0
118513.33333333333
118546.66666666669
118580.00000000001
118613.33333333334
118646.66666666667
118680.0
118713.33333333334
118746.66666666667
118780.0
118813.33333333334
118846.66666666667
118880.00000000001
118913.33333333334
118946.66666666667
118980.0
119013.33333333333
119046.66666666669
119080.00000000001
119113.33333333334
119146.66666666667
119180.0
119213.33333333334
119246.66666666667
119280.0
119313.33333333334
119346.66666666667
119380.00000000001
119413.33333333334
119446.66666666667
119480.0
119513.33333333333
119546.66666666669
119580.00000000001
119613.33333333334
119646.66666666667
119680.0
119713.33333333334
119746.66666666667
119780.0
119813.33333333334
119846.66666666667
119881.66666666667
119915.0
119948.33333333334
119981.66666666667
120015.00000000001
120048.33333333334
120081.66666666667
120115.00000000001
120148.33333333334
120181.66666666667
120215.0
120248.33333333333
120281.66666666669
120315.00000000001
120348.33333333334
120381.66666666667
120415.0
120448.33333333334
120481.66666666667
120515.00000000001
120548.33333333334
120581.66666666667
120615.00000000001
120648.33333333334
120681.66666666667
120715.0
120748.33333333333
120781.66666666669
120815.00000000001
120848.33333333334
120881.66666666667
120915.0
120948.33333333334
120981.66666666667
121015.00000000001
121048.33333333334
121081.66666666667
121115.00000000001
121148.33333333334
121181.66666666667
121215.0
121248.33333333333
121281.66666666669
121315.00000000001
121348.33333333334
121381.66666666667
121415.0
121448.33333333334
121481.66666666667
121515.00000000001
121548.33333333334
121581.66666666667
121615.00000000001
121648.33333333334
121681.66666666667
121715.0
121748.33333333333
121783.33333333334
121816.66666666667
121850.00000000001
121883.33333333334
121916.66666666667
121950.0
121983.33333333333
122016.66666666669
122050.00000000001
122083.33333333334
122116.66666666667
122150.0
122183.33333333334
122216.66666666667
122250.00000000001
122283.33333333334
122316.66666666667
122350.00000000001
122383.33333333334
122416.66666666667
122450.0
122483.33333333333
122516.66666666669
122550.00000000001
122583.33333333334
122616.66666666667
122650.0
122683.33333333334
122716.66666666667
122750.00000000001
122783.33333333334
122816.66666666667
122850.00000000001
122883.33333333334
122916.66666666667
122950.0
122983.33333333333
123016.66666666669
123050.00000000001
123083.33333333334
123116.66666666667
123150.0
123183.33333333334
123216.66666666667
123250.00000000001
123283.33333333334
123316.66666666667
123350.00000000001
123383.33333333334
123416.66666666667
123450.0
123483.33333333333
123516.66666666669
123550.00000000001
123583.33333333334
123616.66666666667
123650.0
123685.0
123718.33333333334
123751.66666666669
123785.00000000001
123818.33333333334
123851.66666666667
123885.0
123918.33333333334
123951.66666666667
123985.00000000001
124018.33333333334
124051.66666666667
124085.00000000001
124118.33333333334
124151.66666666667
124185.0
124218.33333333334
124251.66666666669
124285.00000000001
124318.33333333334
124351.66666666667
124385.0
124418.33333333334
124451.66666666667
124485.00000000001
124518.33333333334
124551.66666666667
124585.00000000001
124618.33333333334
124651.66666666667
124685.0
124718.33333333334
124751.66666666669
124785.00000000001
124818.33333333334
124851.66666666667
124885.0
124918.33333333334
124951.66666666667
124985.00000000001
125018.33333333334
125051.66666666667
125085.00000000001
125118.33333333334
125151.66666666667
125185.0
125218.33333333334
125251.66666666669
125285.00000000001
125318.33333333334
125351.66666666667
125385.0
125418.33333333334
125451.66666666667
125485.00000000001
125518.33333333334
125551.66666666667
125586.66666666667
125620.0
125653.33333333334
125686.66666666669
125720.00000000001
125753.33333333334
125786.66666666667
125820.00000000001
125853.33333333334
125886.66666666667
125920.0
125953.33333333334
125986.66666666669
126020.00000000001
126053.33333333334
126086.66666666667
126120.0
126153.33333333334
126186.66666666669
126220.00000000001
126253.33333333334
126286.66666666667
126320.00000000001
126353.33333333334
126386.66666666667
126420.0
126453.33333333334
126486.66666666669
126520.00000000001
126553.33333333334
126586.66666666667
126620.0
126653.33333333334
126686.66666666669
126720.00000000001
126753.33333333334
126786.66666666667
126820.00000000001
126853.33333333334
126886.66666666667
126920.0
126953.33333333334
126986.66666666669
127020.00000000001
127053.33333333334
127086.66666666667
127120.0
127153.33333333334
127186.66666666669
127220.00000000001
127253.33333333334
127286.66666666667
127320.00000000001
127353.33333333334
127386.66666666667
127420.0
127453.33333333334
127486.66666666669
127521.66666666667
127555.0
127588.33333333334
127621.66666666667
127655.0
127688.33333333334
127721.66666666667
127755.00000000001
127788.33333333334
127821.66666666667
127855.0
127888.33333333333
127921.66666666669
127955.00000000001
127988.33333333334
128021.66666666667
128055.0
128088.33333333334
128121.66666666667
128155.0
128188.33333333333
128221.66666666666
128255.0
128288.33333333336
128321.66666666669
128355.00000000001
128388.33333333334
128421.66666666669
128455.00000000001
128488.33333333334
128521.66666666667
128555.0
128588.33333333334
128621.66666666667
128655.0
128688.33333333333
128721.66666666666
128755.0
128788.33333333336
128821.66666666669
128855.00000000001
128888.33333333334
128921.66666666669
128955.00000000001
128988.33333333334
129021.66666666667
129055.0
129088.33333333334
129121.66666666667
129155.0
129188.33333333333
129221.66666666666
129255.0
129288.33333333336
129321.66666666669
129355.00000000001
129388.33333333334
129423.33333333334
129456.66666666667
129490.00000000001
129523.33333333334
129556.66666666667
129590.0
129623.33333333333
129656.66666666667
129690.0
129723.33333333333
129756.66666666669
129790.00000000001
129823.33333333336
129856.66666666669
129890.00000000001
129923.33333333334
129956.66666666667
129990.00000000001
130023.33333333334
130056.66666666667
130090.0
130123.33333333333
130156.66666666667
130190.0
130223.33333333333
130256.66666666669
130290.00000000001
130323.33333333336
130356.66666666669
130390.00000000001
130423.33333333334
130456.66666666667
130490.00000000001
130523.33333333334
130556.66666666667
130590.0
130623.33333333333
130656.66666666667
130690.0
130723.33333333333
130756.66666666669
130790.00000000001
130823.33333333336
130856.66666666669
130890.00000000001
130923.33333333334
130956.66666666667
130990.00000000001
131023.33333333334
131056.66666666667
131090.0
131123.33333333334
131156.66666666666
131190.0
131223.33333333334
131256.6666666667
131290.00000000003
131323.33333333334
131358.33333333334
131391.6666666667
131425.0
131458.33333333334
131491.6666666667
131525.0
131558.33333333334
131591.66666666666
131625.0
131658.33333333334
131691.66666666666
131725.0
131758.33333333334
131791.6666666667
131825.00000000003
131858.33333333334
131891.6666666667
131925.0
131958.33333333334
131991.6666666667
132025.0
132058.33333333334
132091.66666666666
132125.0
132158.33333333334
132191.66666666666
132225.0
132258.33333333334
132291.6666666667
132325.00000000003
132358.33333333334
132391.6666666667
132425.0
132458.33333333334
132491.6666666667
132525.0
132558.33333333334
132591.66666666666
132625.0
132658.33333333334
132691.66666666666
132725.0
132758.33333333334
132791.6666666667
132825.00000000003
132858.33333333334
132891.6666666667
132925.0
132958.33333333334
132991.6666666667
133025.0
133058.33333333334
133091.66666666666
133125.0
133158.33333333334
133191.66666666666
133225.00000000003
133258.33333333334
133293.33333333334
133326.6666666667
133360.0
133393.33333333334
133426.6666666667
133460.0
133493.33333333334
133526.66666666666
133560.0
133593.33333333334
133626.66666666666
133660.0
133693.3333333333
133726.6666666667
133760.00000000003
133793.33333333334
133826.6666666667
133860.0
133893.33333333334
133926.6666666667
133960.0
133993.33333333334
134026.66666666666
134060.0
134093.33333333334
134126.66666666666
134160.0
134193.3333333333
134226.6666666667
134260.00000000003
134293.33333333334
134326.6666666667
134360.0
134393.33333333334
134426.6666666667
134460.0
134493.33333333334
134526.66666666666
134560.0
134593.33333333334
134626.66666666666
134660.0
134693.3333333333
134726.6666666667
134760.00000000003
134793.33333333334
134826.6666666667
134860.0
134893.33333333334
134926.6666666667
134960.0
134993.33333333334
135026.66666666666
135060.0
135093.33333333334
135126.66666666666
135160.0
135195.00000000003
135228.33333333334
135261.6666666667
135295.00000000003
135328.33333333334
135361.6666666667
135395.0
135428.33333333334
135461.6666666667
135495.0
135528.33333333334
135561.66666666666
135595.0
135628.33333333334
135661.66666666666
135695.00000000003
135728.33333333334
135761.6666666667
135795.00000000003
135828.33333333334
135861.6666666667
135895.0
135928.33333333334
135961.6666666667
135995.0
136028.33333333334
136061.66666666666
136095.0
136128.33333333334
136161.66666666666
136195.00000000003
136228.33333333334
136261.6666666667
136295.00000000003
136328.33333333334
136361.6666666667
136395.0
136428.33333333334
136461.6666666667
136495.0
136528.33333333334
136561.66666666666
136595.0
136628.33333333334
136661.66666666666
136695.00000000003
136728.33333333334
136761.6666666667
136795.00000000003
136828.33333333334
136861.6666666667
136895.0
136928.33333333334
136961.6666666667
136995.0
137028.33333333334
137061.66666666666
137096.66666666666
137130.0
137163.33333333334
137196.6666666667
137230.00000000003
137263.33333333334
137296.6666666667
137330.0
137363.33333333334
137396.6666666667
137430.0
137463.33333333334
137496.66666666666
137530.0
137563.33333333334
137596.66666666666
137630.0
137663.33333333334
137696.6666666667
137730.00000000003
137763.33333333334
137796.6666666667
137830.0
137863.33333333334
137896.6666666667
137930.0
137963.33333333334
137996.66666666666
138030.0
138063.33333333334
138096.66666666666
138130.0
138163.33333333334
138196.6666666667
138230.00000000003
138263.33333333334
138296.6666666667
138330.0
138363.33333333334
138396.6666666667
138430.0
138463.33333333334
138496.66666666666
138530.0
138563.33333333334
138596.66666666666
138630.0
138663.33333333334
138696.6666666667
138730.00000000003
138763.33333333334
138796.6666666667
138830.0
138863.33333333334
138896.6666666667
138930.0
138963.33333333334
138998.33333333334
139031.66666666666
139065.0
139098.33333333334
139131.6666666667
139165.00000000003
139198.33333333334
139231.6666666667
139265.00000000003
139298.33333333334
139331.6666666667
139365.0
139398.33333333334
139431.6666666667
139465.0
139498.33333333334
139531.66666666666
139565.0
139598.33333333334
139631.6666666667
139665.00000000003
139698.33333333334
139731.6666666667
139765.00000000003
139798.33333333334
139831.6666666667
139865.0
139898.33333333334
139931.6666666667
139965.0
139998.33333333334
140031.66666666666
140065.0
140098.33333333334
140131.6666666667
140165.00000000003
140198.33333333334
140231.6666666667
140265.00000000003
140298.33333333334
140331.6666666667
140365.0
140398.33333333334
140431.6666666667
140465.0
140498.33333333334
140531.66666666666
140565.0
140598.33333333334
140631.6666666667
140665.00000000003
140698.33333333334
140731.6666666667
140765.00000000003
140798.33333333334
140831.6666666667
140865.0
140898.33333333334
140933.33333333334
140966.66666666666
141000.0
141033.33333333334
141066.66666666666
141100.00000000003
141133.33333333334
141166.6666666667
141200.00000000003
141233.33333333334
141266.6666666667
141300.0
141333.33333333334
141366.6666666667
141400.0
141433.33333333334
141466.66666666666
141500.0
141533.33333333334
141566.66666666666
141600.00000000003
141633.33333333334
141666.6666666667
141700.00000000003
141733.33333333334
141766.6666666667
141800.0
141833.33333333334
141866.6666666667
141900.0
141933.33333333334
141966.66666666666
142000.0
142033.33333333334
142066.66666666666
142100.00000000003
142133.33333333334
142166.6666666667
142200.00000000003
142233.33333333334
142266.6666666667
142300.0
142333.33333333334
142366.6666666667
142400.0
142433.33333333334
142466.66666666666
142500.0
142533.33333333334
142566.66666666666
142600.00000000003
142633.33333333334
142666.6666666667
142700.00000000003
142733.33333333334
142766.6666666667
142800.0
142833.33333333334
142868.33333333334
142901.66666666666
142935.0
142968.33333333334
143001.66666666666
143035.0
143068.33333333334
143101.6666666667
143135.00000000003
143168.33333333334
143201.6666666667
143235.0
143268.33333333334
143301.6666666667
143335.0
143368.33333333334
143401.66666666666
143435.0
143468.33333333334
143501.66666666666
143535.0
143568.33333333334
143601.6666666667
143635.00000000003
143668.33333333334
143701.6666666667
143735.0
143768.33333333334
143801.6666666667
143835.0
143868.33333333334
143901.66666666666
143935.0
143968.33333333334
144001.66666666666
144035.0
144068.33333333334
144101.6666666667
144135.00000000003
144168.33333333334
144201.6666666667
144235.0
144268.33333333334
144301.6666666667
144335.0
144368.33333333334
144401.66666666666
144435.0
144468.33333333334
144501.66666666666
144535.0
144568.33333333334
144601.6666666667
144635.00000000003
144668.33333333334
144701.6666666667
144735.0
144770.0
144803.33333333334
144836.6666666667
144870.0
144903.33333333334
144936.66666666666
144970.0
145003.33333333334
145036.6666666667
145070.00000000003
145103.33333333334
145136.6666666667
145170.00000000003
145203.33333333334
145236.6666666667
145270.0
145303.33333333334
145336.6666666667
145370.0
145403.33333333334
145436.66666666666
145470.0
145503.33333333334
145536.6666666667
145570.00000000003
145603.33333333334
145636.6666666667
145670.00000000003
145703.33333333334
145736.6666666667
145770.0
145803.33333333334
145836.6666666667
145870.0
145903.33333333334
145936.66666666666
145970.0
146003.33333333334
146036.6666666667
146070.00000000003
146103.33333333334
146136.6666666667
146170.00000000003
146203.33333333334
146236.6666666667
146270.0
146303.33333333334
146336.6666666667
146370.0
146403.33333333334
146436.66666666666
146470.0
146503.33333333334
146536.6666666667
146570.00000000003
146603.33333333334
146636.6666666667
146671.6666666667
146705.0
146738.33333333334
146771.6666666667
146805.0
146838.33333333334
146871.66666666666
146905.0
146938.33333333334
146971.66666666666
147005.0
147038.33333333334
147071.6666666667
147105.00000000003
147138.33333333334
147171.6666666667
147205.0
147238.33333333334
147271.6666666667
147305.0
147338.33333333334
147371.66666666666
147405.0
147438.33333333334
147471.66666666666
147505.0
147538.33333333334
147571.6666666667
147605.00000000003
147638.33333333334
147671.6666666667
147705.0
147738.33333333334
147771.6666666667
147805.0
147838.33333333334
147871.66666666666
147905.0
147938.33333333334
147971.66666666666
148005.0
148038.33333333334
148071.6666666667
148105.00000000003
148138.33333333334
148171.6666666667
148205.0
148238.33333333334
148271.6666666667
148305.0
148338.33333333334
148371.66666666666
148405.0
148438.33333333334
148471.66666666666
148505.0
148538.33333333334
148571.6666666667
148606.6666666667
148640.00000000003
148673.33333333334
148706.6666666667
148740.0
148773.33333333334
148806.6666666667
148840.0
148873.33333333334
148906.66666666666
148940.0
148973.33333333334
149006.6666666667
149040.00000000003
149073.33333333334
149106.6666666667
149140.00000000003
149173.33333333334
149206.6666666667
149240.0
149273.33333333334
149306.6666666667
149340.0
149373.33333333334
149406.66666666666
149440.0
149473.33333333334
149506.6666666667
149540.00000000003
149573.33333333334
0.0
0.0
0.0
