0.0
0.0002826
0.0005652
0.0
0.0
0.0071592
0.0514332
0.062454600000000006
0.06363210000000001
0.06433860000000001
0.0676356
0.0589692
0.051668700000000005
0.0340533
0.0223725
0.0
0.0
0.0
0.0
0.0
0.0
0.0
0.0
0.0
0.042908100000000005
0.08572199999999999
0.12726420000000002
0.1470933
0.18675150000000001
0.2278227
0.23220300000000002
0.2424708
0.24732210000000002
0.24920609999999999
0.2496771
0.24915900000000002
0.2490177
0.2233482
0.1630602
0.0886422
0.0
0.0055578
0.0
0.0
0.0
0.0
0.0
0.0
0.0
0.0005181000000000001
0.0
0.0
0.0
0.0
0.0
0.0
0.0
0.0
0.0
0.0
0.0
0.0
0.0
0.0
0.0
0.0
0.0
0.0
0.0
0.0
0.0
0.0
0.0
0.0
0.0
0.0
0.0
0.0
0.0
0.0
0.0
0.0
0.0
0.0004239
0.0068295
0.0
0.002826
0.0
0.0021666000000000003
0.0005652
0.0014601000000000002
0.0
4.7100000000000006e-05
0.0008478
0.0024963000000000003
0.0
0.0001413
0.0
0.0
0.0
0.0
0.0
0.0
0.0
0.0
0.0
0.0
0.0594873
0.10277220000000001
0.1308438
0.17083170000000003
0.2075697
0.2291415
0.23502900000000002
0.24397799999999997
0.2485467
0.24963000000000002
0.2493474
0.2301306
0.18241829999999998
0.10743509999999999
0.017898
0.0
0.0
0.0
0.0
0.0
0.0
0.0
0.0
0.0
0.0
0.0
0.0
0.0
0.0
0.0
0.0
0.0
0.0
0.0
0.0
0.0
0.0
0.0
0.0
0.0
0.0008007000000000001
4.7100000000000006e-05
0.0002826
0.0020724000000000003
0.0025905000000000004
0.0029673
0.0018369
0.0008949
0.0009891000000000001
0.0025434000000000003
0.0011304
0.00047100000000000006
0.0009420000000000001
0.0010362000000000001
0.0
0.0
0.0
0.0
0.0
0.0
0.0
0.0
0.0
0.0
0.0
0.0
0.0
0.0006594000000000001
0.0
0.0008007000000000001
0.0007536000000000001
0.0
0.0008478
0.0017427000000000002
0.0026847
0.0029673
0.0027318
0.0005652
0.0020253
0.0020253
0.0008949
0.0
0.0
0.0
0.0
0.0
0.0
0.0
0.0
0.0
0.0
0.0
0.0
0.0
0.0
0.0
0.0
0.0
0.0
0.0
0.0
0.0
0.0
0.0
0.0
0.0
0.0
0.0
0.0
0.0
0.0012246000000000002
0.0019311
0.0014601000000000002
0.0021195000000000003
0.0009891000000000001
0.0
0.0
0.0008478
0.0
0.0
0.00037680000000000005
0.0002826
0.0
0.0014601000000000002
0.005652
0.0001413
0.0079599
0.0155901
0.011727900000000001
0.0037209000000000005
0.011445300000000002
0.025905
0.0371148
0.034712700000000006
0.028448400000000002
0.039187200000000005
0.06495089999999999
0.08289600000000001
0.14958960000000002
0.2094066
0.23696010000000003
0.24628590000000003
0.23922090000000001
0.21204420000000002
0.17459970000000002
0.1212825
0.0597699
0.0073947000000000014
0.0073947000000000014
0.0
4.7100000000000006e-05
0.0007065
0.0007065
0.0
0.00037680000000000005
0.0017427000000000002
0.0
0.0
0.0
0.0
0.0
0.0
0.0
0.0
0.0
0.0
0.0
0.0
0.0
0.0022137000000000003
0.0025905000000000004
0.004333200000000001
0.004380300000000001
0.0073476
0.0022608
0.0031557000000000004
0.0035325000000000005
0.0040035
0.0036267
0.0032028000000000004
0.0002826
0.0019782000000000003
0.0040035
0.0066882
0.0039564000000000005
0.004380300000000001
0.008666400000000001
0.030567900000000002
0.0069237
0.0068295
0.0057933
0.005652
0.0055106999999999995
0.0053694
0.006970800000000001
0.0073947000000000014
0.0092316
0.0039093
0.006358500000000001
0.0027789
0.005181000000000001
0.008901899999999999
0.008854800000000001
0.0079599
0.0077715
0.0092787
0.0123402
0.0156372
0.014412600000000001
0.016437900000000002
0.1613646
0.15232140000000002
0.1972548
0.1903311
0.20384880000000002
0.2209461
0.2346051
0.2473692
0.24915900000000002
0.23832600000000004
0.21892079999999997
0.1730925
0.1105908
0.043897200000000004
0.0146481
0.019216800000000003
0.014412600000000001
0.009608400000000001
0.0146952
0.014365500000000002
0.0128583
0.0121518
0.011068500000000002
0.0108801
0.0091374
0.009420000000000001
0.0104091
0.0092787
0.010173600000000001
0.010456200000000002
0.007488900000000001
0.0091374
0.005133900000000001
0.006876600000000001
0.0104091
0.012246000000000002
0.013517700000000002
0.0143184
0.0147423
0.0161082
0.0148365
0.014224200000000001
0.0112098
0.0105033
0.0108801
0.012622800000000002
0.0121989
0.013988700000000003
0.0167676
0.011775
0.015872700000000003
0.014789400000000003
0.0210537
0.0153546
0.012811200000000002
0.012905400000000003
0.028448400000000002
0.10686990000000002
0.210066
0.22895310000000002
0.24779310000000002
0.2407752
0.21670709999999999
0.1924506
0.1496367
0.0953304
0.0196878
0.0223725
0.0159198
0.014412600000000001
0.017097300000000003
0.0141771
0.015872700000000003
0.016579200000000002
0.015260400000000002
0.011680800000000002
0.008760600000000002
0.0089961
0.009985200000000001
0.010362000000000001
0.0112569
0.0135648
0.0125757
0.013611900000000001
0.009608400000000001
0.010597500000000001
0.010220700000000001
0.025905
0.061371300000000004
0.0511977
0.0419661
0.0323106
0.025857900000000003
0.026988300000000003
0.0096555
0.0145068
0.008430900000000002
0.0098439
0.0089961
0.0108801
0.0119634
0.015401700000000003
0.0101265
0.012905400000000003
0.013188
0.014553900000000002
0.0154488
0.014130000000000002
0.0140829
0.0141771
0.0133764
0.012246000000000002
0.05576640000000001
0.09358770000000001
0.1185978
0.1532634
0.20262420000000003
0.22570320000000002
0.23290950000000002
0.2403984
0.24807570000000004
0.2497242
0.2495829
0.2499597
0.22956540000000003
0.18689280000000003
0.1120038
0.0377271
0.015166200000000001
0.010456200000000002
0.0120105
0.012293100000000001
0.013941600000000002
0.0100794
0.006028800000000001
0.0091374
0.0071121000000000005
0.0104091
0.009891
0.0119634
0.0135648
0.014412600000000001
0.0118221
0.014459699999999999
0.0112569
0.012717000000000003
0.013659
0.0125757
0.014977800000000001
0.014977800000000001
0.0141771
0.0149307
0.0161553
0.013659
0.013941600000000002
0.015260400000000002
0.010974300000000001
0.012528600000000003
0.0106917
0.0130467
0.013800300000000001
0.0153546
0.021147900000000004
0.0212892
0.02355
0.019734900000000003
0.014789400000000003
0.014224200000000001
0.0159198
0.013659
0.0151191
0.027600600000000003
0.027459300000000006
0.026470200000000003
0.013517700000000002
0.0133764
0.015825600000000002
0.014883600000000002
0.0176625
0.0176625
0.039658200000000005
0.0382452
0.06466830000000001
0.07517160000000002
0.1046562
0.15863280000000002
0.19579470000000002
0.22688070000000002
0.2370543
0.228435
0.2060625
0.18298350000000002
0.14582160000000002
0.10946039999999999
0.048371700000000004
0.0147423
0.0207711
0.0100794
0.0087135
0.010220700000000001
0.014977800000000001
0.019452300000000002
0.0161553
0.014459699999999999
0.0119634
0.011351100000000001
0.012905400000000003
0.014553900000000002
0.0146481
0.014601000000000003
0.0146481
0.014035800000000001
0.0138474
0.012717000000000003
0.014271299999999999
0.032875800000000004
0.0119163
0.0141771
0.012481500000000001
0.0157314
0.015213300000000003
0.0151191
0.014459699999999999
0.015401700000000003
0.012246000000000002
0.0118692
0.0271296
0.019829100000000002
0.014130000000000002
0.0162024
0.021524700000000004
0.0166263
0.0195465
0.0204885
0.018698700000000002
0.0178509
0.0179922
0.05675550000000001
0.08755890000000001
0.1102611
0.14167680000000002
0.18067560000000002
0.2256561
0.2320146
0.239739
0.24746340000000003
0.2495358
0.2493474
0.2471808
0.22353660000000003
0.18416100000000002
0.1247679
0.04498050000000001
0.03249900000000001
0.028825200000000002
0.019734900000000003
0.0163908
0.016956000000000002
0.0120105
0.015166200000000001
0.0185103
0.0182748
0.018321900000000002
0.0182748
0.014365500000000002
0.016485000000000003
0.0118221
0.014224200000000001
0.0163908
0.0196878
0.016437900000000002
0.0157314
0.013235100000000001
0.015825600000000002
0.0140829
0.014224200000000001
0.014224200000000001
0.016956000000000002
0.0150249
0.0190284
0.0176625
0.016956000000000002
0.0128583
0.0166734
0.0137061
0.016437900000000002
0.014412600000000001
0.0133764
0.012481500000000001
0.012669900000000001
0.0138474
0.021336300000000002
0.03523080000000001
0.0157785
0.017097300000000003
0.0189342
0.0167205
0.0180864
0.016249500000000004
0.0140829
0.016861800000000003
0.013282200000000001
0.013329300000000002
0.015495900000000002
0.014412600000000001
0.0154488
0.0163908
0.0191697
0.0179922
0.0166263
0.018840000000000003
0.017898
0.0189342
0.0133764
0.012057600000000002
0.015825600000000002
0.0145068
0.015260400000000002
0.0153546
0.015825600000000002
0.020441400000000002
0.022608
0.0194994
0.0219957
0.0219957
0.0210066
0.06495089999999999
0.0874647
0.1338582
0.15608940000000002
0.19697220000000004
0.22622130000000001
0.23187329999999998
0.23917380000000002
0.2494416
0.2497242
0.24930030000000003
0.24939450000000005
0.24397799999999997
0.2111964
0.1634841
0.09179789999999999
0.013140900000000002
0.029955600000000002
0.0194994
0.013517700000000002
0.017521200000000004
0.014271299999999999
0.018369
0.0174741
0.0134706
0.016437900000000002
0.015966900000000003
0.012528600000000003
0.0094671
0.0108801
0.0081483
0.009608400000000001
0.0129525
0.013140900000000002
0.014789400000000003
0.0168147
0.016956000000000002
0.0157314
0.0140829
0.013800300000000001
0.013140900000000002
0.015966900000000003
0.015213300000000003
0.0161553
0.0133764
0.014601000000000003
0.014977800000000001
0.018840000000000003
0.0166734
0.017427
0.0125757
0.013140900000000002
0.0121047
0.0109272
0.0118692
0.0153075
0.0166263
0.039658200000000005
0.0421074
0.044745
0.0322164
0.025810800000000005
0.0370206
0.0225138
0.0161082
0.0161082
0.0153546
0.0195465
0.0669291
0.0959898
0.10800030000000001
0.1231194
0.14186520000000002
0.1656507
0.1953708
0.22137000000000004
0.227964
0.2139753
0.1903311
0.14817660000000002
0.1088481
0.0395169
0.0228435
0.0171444
0.013753200000000002
0.0138945
0.0106446
0.010597500000000001
0.0137061
0.012622800000000002
0.013517700000000002
0.0137061
0.0157785
0.013329300000000002
0.0140829
0.0161082
0.0146952
0.0186516
0.017521200000000004
0.017521200000000004
0.014271299999999999
0.019734900000000003
0.020300099999999998
0.019593600000000003
0.021571800000000002
0.0549657
0.0686718
0.0625017
0.05124480000000001
0.028260000000000004
0.0194052
0.0176625
0.0167676
0.016343700000000003
0.016579200000000002
0.019358100000000003
0.021147900000000004
0.0171915
0.0182748
0.0190755
0.0203943
0.019829100000000002
0.017898
0.017615400000000003
0.016956000000000002
0.0206298
0.017332800000000002
0.0185103
0.0171444
0.0180864
0.0179922
0.019216800000000003
0.0178509
0.021147900000000004
0.020535600000000005
0.022560900000000002
0.064527
0.0807294
0.10197149999999999
0.1348473
0.1792155
0.2239134
0.23257980000000003
0.23917380000000002
0.2481699
0.24991260000000004
0.24963000000000002
0.2499597
0.2309313
0.1626363
0.0568497
0.0125757
0.0171444
0.011351100000000001
0.010974300000000001
0.0112098
0.010597500000000001
0.014130000000000002
0.0146952
0.014271299999999999
0.0104091
0.0118221
0.0153546
0.011351100000000001
0.013988700000000003
0.0101265
0.011162700000000001
0.012622800000000002
0.012528600000000003
0.0134706
0.0155901
0.0154488
0.0134706
0.0147423
0.0129996
0.012622800000000002
0.0127641
0.012905400000000003
0.0154488
0.0133764
0.013988700000000003
0.013423500000000001
0.0123402
0.015166200000000001
0.015543
0.017568300000000002
0.0154488
0.017521200000000004
0.015401700000000003
0.017709600000000002
0.015072000000000002
0.0172857
0.0154488
0.0161553
0.0169089
0.0178509
0.0191226
0.0207711
0.0201588
0.020582700000000002
0.019782
0.02355
0.026140499999999997
0.0218544
0.0227964
0.0200175
0.021147900000000004
0.022890600000000004
0.0224667
0.0228435
0.020582700000000002
0.020441400000000002
0.022937700000000002
0.023691300000000002
0.022937700000000002
0.0219015
0.02355
0.0212892
0.020959500000000002
0.018133500000000004
0.017709600000000002
0.0172386
0.0320751
0.038716200000000006
0.0345243
0.019593600000000003
0.0214776
0.0286368
0.030144000000000004
0.0204885
0.0210066
0.022702200000000002
0.0221841
0.0237855
0.023079000000000002
0.0231732
0.018321900000000002
0.028589700000000003
0.0281187
0.037350299999999996
0.0425313
0.051951300000000006
0.0326403
0.0203943
0.018840000000000003
0.0186516
0.045216
0.0630198
0.0792222
0.09208050000000001
0.1533105
0.2121384
0.23220300000000002
0.24218820000000002
0.2488293
0.2499597
0.24981840000000002
0.2494887
0.2494887
0.20921820000000005
0.1283475
0.0472413
0.025763700000000004
0.020347200000000003
0.021195000000000002
0.017427
0.017615400000000003
0.0155901
0.012293100000000001
0.0118692
0.0154488
0.0147423
0.019593600000000003
0.0184632
0.0184632
0.017945100000000002
0.0156372
0.0182748
0.019216800000000003
0.019923300000000005
0.020912400000000005
0.0180864
0.019311
0.0203943
0.018698700000000002
0.0185103
0.0185574
0.0191697
0.016579200000000002
0.019452300000000002
0.0146481
0.0170031
0.0167205
0.0162966
0.014035800000000001
0.015166200000000001
0.013941600000000002
0.013282200000000001
0.018133500000000004
0.019311
0.0166734
0.0185574
0.0170502
0.016956000000000002
0.0167676
0.025434000000000005
0.0185574
0.0162966
0.0168147
0.0156843
0.0181806
0.019358100000000003
0.014271299999999999
0.0170031
0.012905400000000003
0.0150249
0.017615400000000003
0.0212421
0.020912400000000005
0.0252927
0.0283542
0.025622400000000004
0.023879700000000004
0.0230319
0.0248688
0.024021
0.0227964
0.0217602
0.0212421
0.0201117
0.0190284
0.0227964
0.022042799999999998
0.0298614
0.030426600000000005
0.021195000000000002
0.0194052
0.0161553
0.016061100000000002
0.0161553
0.014130000000000002
0.0153075
0.032828699999999995
0.0488427
0.0755484
0.14473830000000001
0.1977258
0.22485540000000004
0.23385150000000002
0.23917380000000002
0.24930030000000003
0.2496771
0.248688
0.23761950000000004
0.22254750000000004
0.2030952
0.1743171
0.11468850000000001
0.023314500000000002
0.0213834
0.0107388
0.015260400000000002
0.0161082
0.013753200000000002
0.011021399999999999
0.010173600000000001
0.007488900000000001
0.014789400000000003
0.0119634
0.0089961
0.007630200000000001
0.0097497
0.0077715
0.007583100000000001
0.0086193
0.0091845
0.0106446
0.010550400000000001
0.0118692
0.0118692
0.012481500000000001
0.0135648
0.0146952
0.013800300000000001
0.03800970000000001
0.0236442
0.017332800000000002
0.0201588
0.018792900000000005
0.016861800000000003
0.0170502
0.0188871
0.017568300000000002
0.0140829
0.0138945
0.0162024
0.017097300000000003
0.0159198
0.015966900000000003
0.0154488
0.014412600000000001
0.0145068
0.014271299999999999
0.013659
0.013423500000000001
0.0162966
0.016956000000000002
0.015966900000000003
0.0135648
0.018698700000000002
0.014224200000000001
0.015260400000000002
0.013093800000000001
0.029767200000000004
0.055436700000000005
0.0493608
0.025810800000000005
0.0173799
0.0184632
0.0146481
0.013800300000000001
0.014977800000000001
0.014789400000000003
0.0151191
0.014130000000000002
0.018840000000000003
0.017097300000000003
0.0186516
0.0177567
0.0178509
0.0112098
0.012528600000000003
0.0106917
0.0073476
0.006264300000000001
0.0056049
0.008949
0.0538353
0.1251447
0.1422891
0.2012583
0.2209461
0.2268336
0.23323920000000004
0.2395977
0.2484054
0.250101
0.250101
0.24977130000000003
0.2500068
0.2257974
0.16847670000000003
0.1009353
0.014459699999999999
0.0147423
0.0010362000000000001
0.004144800000000001
0.005181000000000001
0.0033441
0.0057933
0.0069237
0.0058875
0.0068295
0.0046158
0.006594
0.0014601000000000002
0.0047571
0.0010833000000000001
0.0
0.0
0.0021666000000000003
0.0006594000000000001
0.0
0.0014601000000000002
0.0024963000000000003
0.0019311
0.004333200000000001
0.007441800000000001
0.0059346
0.008949
0.0105033
0.0121047
0.019358100000000003
0.016249500000000004
0.0185103
0.021336300000000002
0.019829100000000002
0.021666
0.0224196
0.0190284
0.016343700000000003
0.0148365
0.017097300000000003
0.018698700000000002
0.0201117
0.021100800000000003
0.0239268
0.018840000000000003
0.019311
0.0166263
0.0181806
0.0171915
0.0170502
0.0189342
0.0190284
0.018745800000000003
0.0155901
0.014365500000000002
0.013800300000000001
0.0121518
0.017945100000000002
0.0192639
0.019216800000000003
0.018133500000000004
0.0196878
0.019358100000000003
0.0203943
0.016437900000000002
0.0212892
0.0207711
0.0171915
0.0184632
0.018321900000000002
0.0201588
0.018133500000000004
0.0184632
0.020724000000000003
0.0248688
0.024021
0.09217470000000001
0.19325130000000001
0.19009560000000003
0.20530890000000004
0.19932720000000004
0.1933455
0.1748352
0.1380501
0.09509490000000001
0.024256500000000004
0.0208182
0.020205900000000002
0.0167676
0.0159198
0.0171915
0.016437900000000002
0.0207711
0.010267800000000002
0.0120105
0.0118692
0.0130467
0.0137061
0.0149307
0.015966900000000003
0.015495900000000002
0.0191226
0.016861800000000003
0.0171915
0.0166263
0.017427
0.015401700000000003
0.015825600000000002
0.012057600000000002
0.0118692
0.010456200000000002
0.014412600000000001
0.0121047
0.013611900000000001
0.0219957
0.0191697
0.018604500000000003
0.017521200000000004
0.0154488
0.015966900000000003
0.0201588
0.019923300000000005
0.0194052
0.024915900000000005
0.0562374
0.0625959
0.07780920000000001
0.0815772
0.11775
0.18835290000000002
0.23611230000000005
0.2455323
0.24991260000000004
0.25005390000000005
0.24977130000000003
0.24963000000000002
0.22226490000000002
0.17540040000000004
0.11459430000000001
0.0171444
0.023455800000000002
0.014601000000000003
0.017521200000000004
0.019734900000000003
0.019452300000000002
0.019452300000000002
0.0207711
0.018698700000000002
0.0192639
0.0213834
0.022749300000000004
0.0181806
0.021524700000000004
0.021100800000000003
0.022278300000000004
0.0237855
0.023267400000000004
0.021948600000000002
0.020347200000000003
0.0204885
0.021430499999999998
0.0218544
0.0253869
0.019593600000000003
0.0208182
0.020959500000000002
0.021713100000000003
0.0332055
0.028448400000000002
0.028260000000000004
0.027318
0.0241623
0.023502900000000004
0.024492000000000003
0.023502900000000004
0.0237384
0.022749300000000004
0.025057200000000005
0.0470529
0.0459696
0.0535056
0.046723200000000006
0.0339591
0.040506
0.0312744
0.020535600000000005
0.022089900000000003
0.0250101
0.0208653
0.022608
0.0208653
0.0238326
0.0675414
0.1133226
0.13729650000000002
0.15232140000000002
0.1798278
0.2182143
0.23418119999999998
0.23992739999999999
0.2472279
0.2490177
0.24915900000000002
0.2183556
0.17827350000000003
0.1101669
0.0218544
0.0203943
0.0178509
0.0176625
0.0191697
0.017097300000000003
0.0169089
0.018840000000000003
0.0191697
0.0176625
0.0242094
0.020205900000000002
0.022137000000000004
0.0218544
0.022089900000000003
0.0190755
0.0216189
0.0237384
0.0247275
0.024115200000000003
0.022749300000000004
0.0227964
0.0196878
0.0173799
0.019452300000000002
0.016485000000000003
0.015495900000000002
0.0167205
0.016956000000000002
0.019358100000000003
0.019829100000000002
0.021336300000000002
0.020535600000000005
0.0196407
0.019923300000000005
0.0201117
0.019970400000000003
0.020441400000000002
0.0191697
0.019216800000000003
0.0217602
0.0185574
0.020253
0.020347200000000003
0.05086800000000001
0.07168620000000002
0.0581214
0.0460638
0.032687400000000005
0.0251985
0.0219015
0.0235971
0.0272709
0.022655099999999997
0.0231261
0.0224667
0.0231261
0.024492000000000003
0.0260934
0.0224667
0.023879700000000004
0.0520926
0.0582627
0.058875
0.07258110000000001
0.0767259
0.09551880000000001
0.1268874
0.1894833
0.22188810000000003
0.250101
0.2501481
0.2504307
0.2502894
0.2503365
0.21953310000000004
0.13329300000000002
0.038904600000000004
0.0235971
0.0252927
0.0276477
0.0219015
0.0225138
0.0235971
0.023455800000000002
0.0238326
0.0231732
0.027035400000000005
0.0255753
0.024539100000000005
0.0237855
0.021336300000000002
0.0232203
0.0223725
0.0214776
0.021430499999999998
0.020347200000000003
0.020912400000000005
0.022137000000000004
0.0210066
0.023691300000000002
0.02355
0.022890600000000004
0.025905
0.025434000000000005
0.0252927
0.0556722
0.0677769
0.04983180000000001
0.0264231
0.027318
0.0259992
0.0268941
0.0259521
0.0283542
0.0266115
0.0294375
0.025245600000000003
0.025339800000000003
0.0248688
0.0241623
0.024963000000000003
0.0259521
0.0242094
0.0228435
0.021147900000000004
0.0216189
0.0195465
0.021571800000000002
0.06339660000000001
0.10611630000000002
0.12957210000000002
0.14699910000000002
0.17695470000000002
0.2162361
0.23366309999999998
0.24284760000000002
0.2494887
0.2495358
0.2495358
0.239268
0.2111493
0.16419060000000002
0.09551880000000001
0.0234087
0.0265173
0.0194052
0.0229848
0.0191697
0.023314500000000002
0.0206769
0.0206298
0.0235971
0.0219957
0.020582700000000002
0.018698700000000002
0.016061100000000002
0.018321900000000002
0.0210066
0.023879700000000004
0.020959500000000002
0.0225138
0.022890600000000004
0.0167205
0.0237384
0.022089900000000003
0.021336300000000002
0.0234087
0.0204885
0.019593600000000003
0.0173799
0.0173799
0.020912400000000005
0.018840000000000003
0.021571800000000002
0.019782
0.0227964
0.022937700000000002
0.022325400000000002
0.0207711
0.05049120000000001
0.0323577
0.027318
0.021195000000000002
0.0198762
0.019593600000000003
0.021100800000000003
0.0194994
0.017521200000000004
0.0162966
0.018227700000000003
0.0184161
0.0219015
0.0200175
0.015213300000000003
0.0172386
0.073947
0.0956601
0.0895842
0.08454450000000001
0.10046429999999999
0.14186520000000002
0.19023690000000001
0.22984800000000002
0.24915900000000002
0.2448729
0.23663040000000005
0.21844980000000003
0.19084920000000002
0.1545822
0.11916300000000002
0.0327816
0.028825200000000002
0.0206769
0.022560900000000002
0.025339800000000003
0.0206769
0.0239268
0.024021
0.023361600000000003
0.0203943
0.020535600000000005
0.019358100000000003
0.022278300000000004
0.0210537
0.020253
0.0207711
0.0188871
0.0231732
0.0239268
0.024021
0.0232203
0.023079000000000002
0.023361600000000003
0.022042799999999998
0.0355605
0.0231732
0.023079000000000002
0.0227964
0.0231261
0.0218073
0.0195465
0.019452300000000002
0.0184632
0.017898
0.015825600000000002
0.016861800000000003
0.015966900000000003
0.0167676
0.014883600000000002
0.015825600000000002
0.013753200000000002
0.020535600000000005
0.0186516
0.017709600000000002
0.015166200000000001
0.014977800000000001
0.0146952
0.013188
0.0171915
0.018792900000000005
0.018745800000000003
0.0166263
0.0180864
0.015401700000000003
0.014271299999999999
0.0157314
0.0167205
0.0218544
0.0195465
0.0185103
0.020205900000000002
0.022749300000000004
0.019970400000000003
0.0201117
0.018792900000000005
0.018698700000000002
0.019216800000000003
0.08996100000000001
0.1481295
0.15905670000000002
0.17591850000000003
0.2197686
0.2253264
0.2326269
0.2412933
0.24755760000000004
0.24981840000000002
0.2494887
0.25005390000000005
0.25005390000000005
0.2503365
0.20945370000000002
0.15552420000000003
0.0491253
0.0198762
0.009608400000000001
0.0129525
0.0195465
0.0127641
0.016579200000000002
0.0107388
0.012293100000000001
0.014459699999999999
0.013282200000000001
0.016579200000000002
0.0123402
0.0100794
0.0135648
0.011021399999999999
0.011539500000000001
0.0066411000000000005
0.0125757
0.0124344
0.011162700000000001
0.0157314
0.0123402
0.0118692
0.0100794
0.0138945
0.0145068
0.0140829
0.0140829
0.0151191
0.011068500000000002
0.0118692
0.0123873
0.0138945
0.0153546
0.016956000000000002
0.0165321
0.0162024
0.013941600000000002
0.0140829
0.014365500000000002
0.0119163
0.012528600000000003
0.0124344
0.015072000000000002
0.013235100000000001
0.015495900000000002
0.0140829
0.016579200000000002
0.0170031
0.016956000000000002
0.014224200000000001
0.014130000000000002
0.014271299999999999
0.0168147
0.0176625
0.0155901
0.0138945
0.015072000000000002
0.012622800000000002
0.0127641
0.0108801
0.0133764
0.013800300000000001
0.014553900000000002
0.0112098
0.0115866
0.009608400000000001
0.0095142
0.011351100000000001
0.0113982
0.0069237
0.0092787
0.0081954
0.012293100000000001
0.0121989
0.0101265
0.0105033
0.010456200000000002
0.0083838
0.0083367
0.0091374
0.0089961
0.0091845
0.0058875
0.006311400000000001
0.006358500000000001
0.0054636
0.007536000000000001
0.0071592
0.0057933
0.0055106999999999995
0.004992600000000001
0.0071592
0.0090432
0.0100794
0.008901899999999999
0.0119634
0.011680800000000002
0.013188
0.008760600000000002
0.010597500000000001
0.012905400000000003
0.0104091
0.011633700000000002
0.009608400000000001
0.0092316
0.0093258
0.0091374
0.010785900000000001
0.010785900000000001
0.0113982
0.0112098
0.0118692
0.013235100000000001
0.011445300000000002
0.011727900000000001
0.0123402
0.011162700000000001
0.013611900000000001
0.011162700000000001
0.0103149
0.0119163
0.0127641
0.012622800000000002
0.0096555
0.0162024
0.010362000000000001
0.011068500000000002
0.0127641
0.0157785
0.0167676
0.018321900000000002
0.020300099999999998
0.0234087
0.025905
0.024586200000000002
0.0260463
0.0255753
0.0243036
0.022560900000000002
0.0243507
0.0259521
0.027082500000000002
0.0308976
0.030520800000000004
0.0342417
0.0462522
0.0428139
0.0230319
0.0255282
0.026234700000000007
0.0260463
0.025245600000000003
0.026187600000000002
0.028212900000000003
0.025763700000000004
0.0247275
0.026187600000000002
0.0265173
0.0275535
0.026658600000000005
0.0283542
0.028683900000000005
0.027176699999999998
0.0275535
0.0336294
0.030662099999999998
0.033676500000000005
0.0370206
0.0121989
0.013423500000000001
0.014412600000000001
0.0146952
0.012528600000000003
0.0204885
0.0217602
0.0189342
0.010785900000000001
0.0566142
0.100323
0.1439847
0.1769076
0.22669230000000004
0.23352180000000003
0.23780790000000004
0.2478402
0.25071330000000003
0.250101
0.2505249
0.2506662
0.2503836
0.2503365
0.23267400000000002
0.1942875
0.1345176
0.04983180000000001
0.0221841
0.0056049
0.0026376000000000004
0.006405600000000001
0.0015543
0.006311400000000001
0.007536000000000001
0.006264300000000001
0.0058875
0.0062172
0.0071121000000000005
0.004144800000000001
0.0053694
0.0071592
0.005228100000000001
0.0054165
0.0072063000000000006
0.008666400000000001
0.0081483
0.0067824
0.0112569
0.012528600000000003
0.013188
0.009796800000000001
0.009608400000000001
0.0138945
0.0153075
0.013800300000000001
0.0128583
0.013423500000000001
0.0130467
0.008430900000000002
0.0097026
0.0085251
0.0091845
0.008760600000000002
0.012622800000000002
0.007065000000000001
0.0100794
0.0112569
0.0128583
0.0123873
0.0118221
0.0135648
0.0118692
0.0159198
0.0196407
0.0212892
0.019970400000000003
0.022278300000000004
0.0241623
0.0224196
0.0234087
0.024586200000000002
0.023079000000000002
0.021336300000000002
0.0213834
0.0216189
0.022560900000000002
0.024586200000000002
0.0208182
0.0313686
0.021948600000000002
0.023079000000000002
0.0243507
0.023267400000000004
0.0201588
0.020959500000000002
0.018981300000000003
0.0204885
0.021948600000000002
0.019782
0.0208653
0.0218073
0.0281187
0.0243507
0.022655099999999997
0.0224667
0.024021
0.022655099999999997
0.024586200000000002
0.027035400000000005
0.025622400000000004
0.0250101
0.0231261
0.0284955
0.0267528
0.028071600000000002
0.0271296
0.035325
0.0265173
0.025481100000000003
0.0260934
0.0247746
0.022655099999999997
0.018840000000000003
0.0163908
0.017803799999999998
0.0114924
0.0095613
0.0077244
0.0048513
0.0024021000000000003
0.0025905000000000004
0.0024492000000000003
0.0016956
0.0009891000000000001
0.0212421
0.028401300000000004
0.049172400000000005
0.0806823
0.18190019999999998
0.23936220000000002
0.2482641
0.250101
0.250101
0.2499597
0.2499597
0.22640970000000002
0.17808510000000002
0.12424980000000001
0.0539295
0.0190755
0.0093258
0.0085722
0.012057600000000002
0.010032300000000001
0.005652
0.0112569
0.0077715
0.007488900000000001
0.007912800000000001
0.011680800000000002
0.012246000000000002
0.0111156
0.0106446
0.0119634
0.010267800000000002
0.0098439
0.010032300000000001
0.0121047
0.0147423
0.0121047
0.015543
0.016014
0.015825600000000002
0.0149307
0.0106446
0.014601000000000003
0.013659
0.018133500000000004
0.0196878
0.037632900000000004
0.022089900000000003
0.0200175
0.0188871
0.018604500000000003
0.0250101
0.0243036
0.0256695
0.0234087
0.026234700000000007
0.0310389
0.042719700000000006
0.038574899999999995
0.04700580000000001
0.06626970000000001
0.09735570000000002
0.19640700000000003
0.2185911
0.2036133
0.1610349
0.14134710000000003
0.11435880000000001
0.06608130000000001
0.0340062
0.0350895
0.035419200000000005
0.0314628
0.0312744
0.027600600000000003
0.0279303
0.0251514
0.027600600000000003
0.0290136
0.026470200000000003
0.0318396
0.0357489
0.0388104
0.0381981
0.0395169
0.036643800000000004
0.037209000000000006
0.033676500000000005
0.0397053
0.06744720000000001
0.0852039
0.0876531
0.07893960000000001
0.0652335
0.057179400000000005
0.0542592
0.0548244
0.038716200000000006
0.04027050000000001
0.0381039
0.038716200000000006
0.040458900000000006
0.043426200000000005
0.0417306
0.039469800000000006
0.03984660000000001
0.042860999999999996
0.057226500000000007
0.06424440000000001
0.0741825
0.0937761
0.1008411
0.12227160000000001
0.13009020000000002
0.13103220000000002
0.1318329
0.11068500000000002
0.0773853
0.046723200000000006
0.036738
0.039187200000000005
0.0350895
0.0345243
0.0383394
0.0335352
0.038151
0.0394227
0.0371148
0.040458900000000006
0.040600199999999996
0.038904600000000004
0.0412125
0.0420603
0.040882800000000004
0.0383394
0.0351837
0.07258110000000001
0.14285430000000002
0.16494420000000004
0.18416100000000002
0.2145405
0.22254750000000004
0.2281524
0.23757240000000002
0.2480286
0.25047780000000003
0.2504307
0.25024230000000003
0.25024230000000003
0.2504307
0.2509488
0.2518908
0.2444019
0.204414
0.1471875
0.0528462
0.047712300000000006
0.036125700000000004
0.0401763
0.035607599999999996
0.0363141
0.037632900000000004
0.0397524
0.037350299999999996
0.035136600000000004
0.034901100000000004
0.0377742
0.0403647
0.040600199999999996
0.039093
0.0411183
0.0375387
0.0344772
0.0373032
0.0357489
0.0362199
0.0360786
0.037632900000000004
0.0360786
0.0365967
0.0344772
0.0318867
0.0349482
0.035607599999999996
0.035136600000000004
0.0363141
0.034854
0.0372561
0.0368322
0.035796
0.0359844
0.0344772
0.0349953
0.034194600000000006
0.037915500000000005
0.0382923
0.0382452
0.0381981
0.040600199999999996
0.040977
0.0421074
0.037962600000000006
0.038904600000000004
0.0414009
0.0397524
0.0382452
0.040129200000000004
0.0405531
0.0392814
0.0384807
0.042201600000000006
0.04262550000000001
0.0412596
0.042672600000000005
0.04262550000000001
0.040035
0.0415893
0.04182480000000001
0.0407415
0.0380568
0.037632900000000004
0.038151
0.0369735
0.0377271
0.036408300000000005
0.0348069
0.036738
0.0351837
0.038151
0.038669100000000005
0.039940800000000005
0.0378213
0.037962600000000006
0.03923430000000001
0.0368322
0.0349482
0.03523080000000001
0.0365025
0.035466300000000006
0.035937300000000005
0.038433600000000005
0.04102410000000001
0.037161900000000005
0.0375387
0.035325
0.036643800000000004
0.035607599999999996
0.0371148
0.0332526
0.0377271
0.0388575
0.0389517
0.0378213
0.038716200000000006
0.037209000000000006
0.0430965
0.0432378
0.041683500000000005
0.045121800000000004
0.04926660000000001
0.0378684
0.044697900000000006
0.040411800000000005
0.0545889
0.0788925
0.1614588
0.23964480000000002
0.2478402
0.2142108
0.1373907
0.12175350000000001
0.10649310000000001
0.0765846
0.0299085
0.037632900000000004
0.0365025
0.039140100000000004
0.039658200000000005
0.0448863
0.0464406
0.0453573
0.0403176
0.038433600000000005
0.0345714
0.0387633
0.0371148
0.040129200000000004
0.0383394
0.037397400000000004
0.0431907
0.0371148
0.0413538
0.041448000000000006
0.0425784
0.04427400000000001
0.0436146
0.044745
0.0421074
0.041683500000000005
0.057933000000000005
0.0702261
0.07879830000000002
0.07988160000000001
0.09062039999999999
0.10743509999999999
0.1157247
0.1201992
0.1326807
0.13489440000000003
0.124344
0.0753129
0.0539295
0.0308976
0.0359844
0.0342417
0.035890200000000004
0.0365025
0.036408300000000005
0.0343359
0.03923430000000001
0.0362199
0.03626700000000001
0.0349953
0.0351837
0.035654700000000004
0.0377742
0.0383394
0.0409299
0.0403176
0.0403176
0.0424842
0.040411800000000005
0.037209000000000006
0.038716200000000006
0.0385278
0.0721572
0.0831786
0.08628720000000001
0.09095009999999999
0.0924573
0.107859
0.1195398
0.15957480000000002
0.21322170000000004
0.24148170000000002
0.25071330000000003
0.24444900000000003
0.2261271
0.2016822
0.1835487
0.1496838
0.12288390000000002
0.0566142
0.0495963
0.038904600000000004
0.0362199
0.037350299999999996
0.0405531
0.0427668
0.044509499999999994
0.0446037
0.0447921
0.042860999999999996
0.042672600000000005
0.0440385
0.0432378
0.041165400000000005
0.043332
0.0403647
0.0411183
0.0429552
0.0408357
0.035937300000000005
0.040600199999999996
0.0415893
0.042672600000000005
0.039893700000000004
0.0432849
0.0448392
0.064527
0.0499731
0.043803
0.0430965
0.0417306
0.0446037
0.040411800000000005
0.045310199999999995
0.0467703
0.046629000000000004
0.046629000000000004
0.04107120000000001
0.040882800000000004
0.0415893
0.041919000000000005
0.043897200000000004
0.0436617
0.0840264
0.10597500000000001
0.14016960000000003
0.16225950000000003
0.1916499
0.2290944
0.2360181
0.24562650000000003
0.2509488
0.2511843
0.25099590000000005
0.25109010000000004
0.24548520000000001
0.22584450000000003
0.19607730000000004
0.16583910000000002
0.1150653
0.055059899999999995
0.0580743
0.04385010000000001
0.0423429
0.0447921
0.0440385
0.045216
0.0409299
0.04182480000000001
0.0415893
0.0448392
0.0443211
0.04427400000000001
0.0449334
0.04549860000000001
0.0439914
0.04573410000000001
0.04549860000000001
0.0484659
0.0468174
0.046864499999999996
0.0394227
0.0432849
0.042672600000000005
0.04653480000000001
0.04385010000000001
0.047712300000000006
0.04629930000000001
0.046911600000000005
0.05840400000000001
0.0497376
0.0479007
0.0483246
0.048654300000000004
0.0455457
0.04978470000000001
0.0435675
0.0456399
0.044745
0.0462522
0.0416364
0.04102410000000001
0.042719700000000006
0.044132700000000004
0.045404400000000004
0.0696609
0.0555309
0.0520926
0.05298750000000001
0.043897200000000004
0.0444624
0.0444624
0.044697900000000006
0.0439914
0.042860999999999996
0.0439914
0.04498050000000001
0.0442269
0.047429700000000005
0.054683100000000005
0.09146820000000001
0.1137465
0.1380972
0.1692303
0.201588
0.2298009
0.23936220000000002
0.24915900000000002
0.2507604
0.25085460000000004
0.2503836
0.2450613
0.2269278
0.19786710000000002
0.1559481
0.08694660000000001
0.05044410000000001
0.053128800000000004
0.04229580000000001
0.037161900000000005
0.040035
0.0403647
0.0425313
0.0413067
0.046911600000000005
0.0465819
0.045168900000000005
0.047382600000000004
0.04300230000000001
0.043897200000000004
0.046723200000000006
0.0452631
0.04300230000000001
0.0437088
0.044745
0.047147100000000004
0.046629000000000004
0.0495963
0.0483246
0.0507738
0.04969050000000001
0.04700580000000001
0.0491253
0.0458283
0.04653480000000001
0.05053830000000001
0.06160680000000001
0.049172400000000005
0.0493608
0.047429700000000005
0.0490311
0.04950210000000001
0.04888980000000001
0.0482775
0.0465819
0.047618100000000003
0.045216
0.047382600000000004
0.0471942
0.0464877
0.043332
0.0437559
0.043143600000000004
0.042201600000000006
0.038622
0.0382923
0.0400821
0.0705558
0.08176560000000001
0.0940587
0.09208050000000001
0.0843561
0.0807294
0.0754071
0.0703674
0.0691899
0.069237
0.0679182
0.0606177
0.04898400000000001
0.04752390000000001
0.0420132
0.0448392
0.0435204
0.044509499999999994
0.0487014
0.045121800000000004
0.041919000000000005
0.0401763
0.041448000000000006
0.04224870000000001
0.0399879
0.0378684
0.0417306
0.04102410000000001
0.041683500000000005
0.043897200000000004
0.043426200000000005
0.1039497
0.1746468
0.18015750000000003
0.18378420000000004
0.21039570000000005
0.22659810000000002
0.23375730000000006
0.2405868
0.2511372
0.251985
0.2519379
0.2518908
0.2517966
0.251514
0.2523147
0.2261271
0.1845849
0.10088820000000003
0.0545889
0.051715800000000006
0.0403176
0.0403647
0.0397053
0.044085599999999996
0.04498050000000001
0.040882800000000004
0.043473300000000006
0.0407886
0.040600199999999996
0.04182480000000001
0.044085599999999996
0.0423429
0.04224870000000001
0.0395169
0.0396111
0.0377271
0.0397524
0.038574899999999995
0.034383
0.03523080000000001
0.0375387
0.0378684
0.0382923
0.041683500000000005
0.043426200000000005
0.0413067
0.043332
0.043143600000000004
0.043426200000000005
0.0447921
0.0419661
0.0424842
0.0399879
0.0420132
0.042201600000000006
0.040506
0.040506
0.04304940000000001
0.042201600000000006
0.0399879
0.0420132
0.0419661
0.044085599999999996
0.042390000000000004
0.044697900000000006
0.0448392
0.0408357
0.0402234
0.0411183
0.038386500000000004
0.0432378
0.0466761
0.0443211
0.043143600000000004
0.043332
0.0416364
0.044179800000000005
0.043379100000000004
0.0407415
0.0407415
0.040600199999999996
0.0395169
0.0420603
0.04027050000000001
0.041683500000000005
0.043332
0.04507470000000001
0.04027050000000001
0.039893700000000004
0.037915500000000005
0.040882800000000004
0.0400821
0.0399879
0.0381039
0.040129200000000004
0.0425784
0.039140100000000004
0.044509499999999994
0.040694400000000006
0.039093
0.040506
0.0424842
0.040600199999999996
0.043473300000000006
0.03984660000000001
0.0375387
0.039893700000000004
0.042201600000000006
0.0417306
0.0471
0.0415422
0.0427668
0.045922500000000005
0.044132700000000004
0.043426200000000005
0.043426200000000005
0.0447921
0.045310199999999995
0.0465819
0.0537882
0.046864499999999996
0.0466761
0.05289330000000001
0.04385010000000001
0.044132700000000004
0.044132700000000004
0.044745
0.0491253
0.048042
0.05049120000000001
0.07060290000000001
0.07083840000000001
0.058686600000000005
0.0533643
0.06561030000000001
0.09966360000000002
0.1331988
0.2502894
0.2515611
0.2490648
0.2501952
0.23663040000000005
0.2233482
0.19697220000000004
0.1661688
0.1345176
0.06782400000000001
0.0455928
0.0420132
0.037209000000000006
0.040506
0.04229580000000001
0.048136200000000004
0.0483246
0.0507267
0.0493608
0.049878900000000004
0.047382600000000004
0.0503499
0.043379100000000004
0.04385010000000001
0.044132700000000004
0.0462522
0.04629930000000001
0.0472884
0.0403647
0.040458900000000006
0.042390000000000004
0.0397524
0.0478065
0.0428139
0.042908100000000005
0.043379100000000004
0.0446037
0.0440385
0.0471942
0.0463464
0.047712300000000006
0.0435204
0.0494079
0.040882800000000004
0.0421545
0.052704900000000006
0.0425784
0.04300230000000001
0.0440385
0.0357489
0.0365025
0.0372561
0.0382923
0.0377271
0.0363141
0.036738
0.0378213
0.039045899999999995
0.06400890000000001
0.0585924
0.09636660000000001
0.1188804
0.19018980000000002
0.2387499
0.236913
0.25099590000000005
0.2509017
0.24303600000000003
0.2508075
0.2513727
0.2494887
0.2248083
0.2049321
0.1644261
0.10946039999999999
0.052657800000000005
0.057179400000000005
0.04950210000000001
0.0420603
0.04102410000000001
0.0409299
0.0417777
0.039469800000000006
0.0394227
0.0447921
0.0447921
0.0450276
0.04507470000000001
0.0453573
0.0460167
0.038151
0.04027050000000001
0.045310199999999995
0.0474768
0.049926000000000005
0.047571
0.0472884
0.041919000000000005
0.0436146
0.043332
0.044179800000000005
0.0454515
0.046205100000000006
0.06631680000000001
0.0412596
0.040694400000000006
0.0416364
0.042390000000000004
0.03984660000000001
0.04182480000000001
0.0414009
0.0416364
0.04304940000000001
0.044132700000000004
0.04262550000000001
0.045687
0.047429700000000005
0.046205100000000006
0.048936900000000005
0.0486072
0.04969050000000001
0.048183300000000005
0.0517629
0.0471942
0.044697900000000006
0.045121800000000004
0.0465819
0.045922500000000005
0.0479949
0.0460167
0.05049120000000001
0.0792222
0.0726753
0.0700377
0.0769614
0.073476
0.05652000000000001
0.044697900000000006
0.050208600000000006
0.0449334
0.0443211
0.0444153
0.043379100000000004
0.047382600000000004
0.1124748
0.15839730000000002
0.191226
0.22028670000000003
0.2246199
0.23206170000000004
0.23634780000000002
0.24798150000000002
0.2498655
0.2503365
0.24044550000000003
0.2296125
0.2168955
0.20154090000000002
0.18519720000000003
0.14633970000000002
0.077715
0.051339
0.0455928
0.040458900000000006
0.040411800000000005
0.04385010000000001
0.045922500000000005
0.0462522
0.0449334
0.040977
0.0459696
0.0455928
0.0443682
0.0408357
0.040882800000000004
0.0443211
0.0432378
0.0447921
0.045404400000000004
0.0443211
0.0464877
0.046393500000000004
0.045875400000000004
0.048042
0.045310199999999995
0.047429700000000005
0.0436146
0.045168900000000005
0.042719700000000006
0.07677300000000001
0.03749160000000001
0.0423429
0.0377742
0.036738
0.0323577
0.0318867
0.0330171
0.0326403
0.0348069
0.032970000000000006
0.033441
0.0349953
0.0375387
0.040411800000000005
0.034901100000000004
0.0342888
0.034854
0.0397053
0.037915500000000005
0.0409299
0.0365967
0.0393285
0.036738
0.0382923
0.0352779
0.0690486
0.0663639
0.046958700000000006
0.039045899999999995
0.03174540000000001
0.029202000000000006
0.0322635
0.0292962
0.0322635
0.0323106
0.029249100000000004
0.0310389
0.028589700000000003
0.0312744
0.0322164
0.0360315
0.0749361
0.0992868
0.1322568
0.1474701
0.18745799999999999
0.22485540000000004
0.23225010000000001
0.2390796
0.24991260000000004
0.2501952
0.25099590000000005
0.2497242
0.2502894
0.2419527
0.2040372
0.14982510000000002
0.0714036
0.03984660000000001
0.04107120000000001
0.0281658
0.030379500000000004
0.0284955
0.0290136
0.029767200000000004
0.030379500000000004
0.0322164
0.0275535
0.0314628
0.034383
0.03249900000000001
0.0345243
0.0360315
0.0374445
0.035136600000000004
0.0367851
0.036879300000000004
0.0377271
0.037915500000000005
0.0393756
0.037962600000000006
0.0363141
0.0320751
0.0355134
0.040411800000000005
0.0382923
0.0382452
0.037632900000000004
0.0331113
0.0369735
0.0342888
0.0340062
0.0355605
0.0363612
0.03504240000000001
0.035325
0.0327345
0.035136600000000004
0.032970000000000006
0.029673
0.0344301
0.0338649
0.032875800000000004
0.0310389
0.0324048
0.033441
0.032687400000000005
0.029625900000000004
0.0332997
0.0324048
0.030379500000000004
0.030662099999999998
0.0330642
0.0349953
0.040977
0.0345714
0.0332526
0.0331113
0.0325932
0.03174540000000001
0.032169300000000005
0.0310389
0.031933800000000005
0.030615
0.041683500000000005
0.0323106
0.027789
0.030850500000000003
0.0337707
0.03174540000000001
0.032122200000000004
0.031933800000000005
0.027883200000000004
0.0297201
0.028589700000000003
0.0288723
0.0278361
0.0322164
0.0345714
0.03348810000000001
0.0377742
0.0388104
0.06424440000000001
0.0773853
0.0994281
0.11727900000000001
0.1643319
0.19951560000000002
0.24444900000000003
0.2496771
0.251043
0.2511843
0.2514669
0.2509017
0.2508075
0.2192976
0.18416100000000002
0.1401225
0.051574499999999995
0.044650800000000004
0.031604099999999996
0.0332055
0.036879300000000004
0.0363612
0.038386500000000004
0.034147500000000004
0.0345714
0.0365025
0.039564
0.04224870000000001
0.041683500000000005
0.039045899999999995
0.039045899999999995
0.0432378
0.039658200000000005
0.0415422
0.0365025
0.038622
0.0369264
0.0347598
0.0370206
0.0357489
0.037915500000000005
0.038433600000000005
0.036738
0.0369735
0.0363141
0.0374445
0.0415422
0.04427400000000001
0.0407886
0.039045899999999995
0.0400821
0.0409299
0.04823040000000001
0.07046160000000001
0.050679600000000005
0.045121800000000004
0.045121800000000004
0.044179800000000005
0.0463464
0.046958700000000006
0.047712300000000006
0.047571
0.0449334
0.04578120000000001
0.04549860000000001
0.0462522
0.0470529
0.04950210000000001
0.0459696
0.0421074
0.039940800000000005
0.0407886
0.0412125
0.041165400000000005
0.0428139
0.04262550000000001
0.040458900000000006
0.041165400000000005
0.0424842
0.044132700000000004
0.08581620000000001
0.09646080000000001
0.09452970000000001
0.06956670000000001
0.0531759
0.04808910000000001
0.04808910000000001
0.046864499999999996
0.0496434
0.04573410000000001
0.0476652
0.043803
0.0432849
0.043332
0.0432378
0.0444153
0.0407415
0.043426200000000005
0.09391740000000001
0.12363750000000001
0.1354596
0.1580676
0.1795452
0.20964210000000003
0.23055450000000002
0.2480286
0.25109010000000004
0.250572
0.251043
0.2415759
0.21953310000000004
0.1795452
0.12085860000000001
0.0478536
0.0495963
0.0427668
0.0403176
0.041919000000000005
0.0375387
0.039045899999999995
0.046723200000000006
0.0471942
0.0484659
0.0454515
0.04752390000000001
0.04700580000000001
0.0470529
0.0435675
0.0460638
0.04498050000000001
0.0459696
0.0415422
0.0452631
0.04304940000000001
0.044179800000000005
0.042860999999999996
0.0437559
0.03923430000000001
0.0443682
0.0455928
0.0730992
0.043143600000000004
0.0413538
0.04498050000000001
0.0448863
0.039564
0.0396111
0.0389988
0.0437559
0.044650800000000004
0.04823040000000001
0.0432378
0.041683500000000005
0.0484659
0.046110899999999996
0.0463464
0.0455457
0.0446037
0.045216
0.047147100000000004
0.0455457
0.0455457
0.0428139
0.046958700000000006
0.0431907
0.043473300000000006
0.0449334
0.048136200000000004
0.0468174
0.0577446
0.0594873
0.07013190000000001
0.10526850000000003
0.162966
0.1936752
0.2239605
0.239739
0.22264170000000003
0.24562650000000003
0.25071330000000003
0.25099590000000005
0.2508075
0.2226888
0.20102280000000003
0.18350160000000001
0.14426730000000001
0.08779440000000001
0.06231330000000001
0.054165000000000005
0.0432849
0.0448392
0.0443682
0.0455457
0.0455457
0.047147100000000004
0.0491253
0.0501615
0.0470529
0.0450276
0.047147100000000004
0.0476652
0.045875400000000004
0.046911600000000005
0.039045899999999995
0.046911600000000005
0.046629000000000004
0.049926000000000005
0.0464406
0.04874850000000001
0.0456399
0.046629000000000004
0.0382923
0.040977
0.042672600000000005
0.0417306
0.0425313
0.0393285
0.043143600000000004
0.04102410000000001
0.0432849
0.0399879
0.0429552
0.059628600000000004
0.0494079
0.0397524
0.0411183
0.0435204
0.043143600000000004
0.040411800000000005
0.04102410000000001
0.04507470000000001
0.046205100000000006
0.046958700000000006
0.04775940000000001
0.04700580000000001
0.0446037
0.0442269
0.04385010000000001
0.07988160000000001
0.1219419
0.1650855
0.18378420000000004
0.2057328
0.22829370000000002
0.2380905
0.2485467
0.25071330000000003
0.24449609999999997
0.20860589999999998
0.17907420000000002
0.13706100000000002
0.08911320000000002
0.036690900000000005
0.044745
0.0413067
0.039093
0.04027050000000001
0.0411183
0.0424371
0.040694400000000006
0.041919000000000005
0.04107120000000001
0.0444624
0.0439914
0.0429552
0.0436617
0.045404400000000004
0.04304940000000001
0.043473300000000006
0.044745
0.04851300000000001
0.0436617
0.0405531
0.0420132
0.04304940000000001
0.0436146
0.0417777
0.040411800000000005
0.038622
0.04102410000000001
0.041871900000000004
0.039045899999999995
0.0389517
0.04027050000000001
0.04102410000000001
0.040647300000000004
0.03984660000000001
0.0419661
0.04385010000000001
0.0401763
0.0421074
0.0437088
0.0415893
0.045875400000000004
0.047712300000000006
0.04629930000000001
0.048654300000000004
0.04921949999999999
0.048183300000000005
0.0448863
0.047571
0.04573410000000001
0.0496434
0.0474768
0.0511506
0.04733550000000001
0.045875400000000004
0.0459696
0.048936900000000005
0.04898400000000001
0.04700580000000001
0.042719700000000006
0.044650800000000004
0.0471942
0.0468174
0.0472884
0.0484659
0.04653480000000001
0.04851300000000001
0.0471
0.0470529
0.046110899999999996
0.0435675
0.0435204
0.0437559
0.043897200000000004
0.0454515
0.045310199999999995
0.04549860000000001
0.04856010000000001
0.04733550000000001
0.0407415
0.0440385
0.0471942
0.05534250000000001
0.054871500000000004
0.05162160000000001
0.04851300000000001
0.04851300000000001
0.047382600000000004
0.043803
0.0454515
0.0460167
0.0476652
0.046205100000000006
0.046205100000000006
0.0686718
0.0746064
0.09080880000000001
0.12340200000000001
0.1582089
0.19786710000000002
0.2342283
0.23983320000000002
0.24760470000000004
0.2503836
0.250572
0.25085460000000004
0.24576780000000004
0.21892079999999997
0.1784619
0.09208050000000001
0.046723200000000006
0.043803
0.0456399
0.041165400000000005
0.0420603
0.039469800000000006
0.0361728
0.0413067
0.035325
0.0363612
0.036643800000000004
0.037209000000000006
0.0369735
0.042719700000000006
0.04027050000000001
0.0403176
0.041683500000000005
0.039564
0.038669100000000005
0.0417777
0.040129200000000004
0.039140100000000004
0.0420132
0.0417777
0.0425313
0.040458900000000006
0.0389517
0.038904600000000004
0.07988160000000001
0.06363210000000001
0.0479949
0.04907820000000001
0.04823040000000001
0.046393500000000004
0.043897200000000004
0.0447921
0.0400821
0.0430965
0.0402234
0.0428139
0.042908100000000005
0.0436617
0.0476652
0.047147100000000004
0.0462522
0.04578120000000001
0.046864499999999996
0.047571
0.0454515
0.043944300000000006
0.0444624
0.0446037
0.0436617
0.045310199999999995
0.0447921
0.04629930000000001
0.046205100000000006
0.04856010000000001
0.0472413
0.0449334
0.043426200000000005
0.0446037
0.0463464
0.09175080000000001
0.10578660000000002
0.09014940000000002
0.0822366
0.07969320000000002
0.1137465
0.1503903
0.20318940000000002
0.2111022
0.2065806
0.19113180000000002
0.16767600000000002
0.139416
0.11402910000000001
0.054165000000000005
0.0514332
0.045121800000000004
0.0464406
0.0455928
0.04808910000000001
0.0470529
0.05049120000000001
0.0443682
0.047947800000000006
0.046205100000000006
0.046158000000000005
0.044179800000000005
0.04107120000000001
0.0486072
0.04629930000000001
0.045404400000000004
0.047429700000000005
0.0452631
0.048136200000000004
0.0464406
0.0456399
0.04969050000000001
0.04733550000000001
0.082425
0.12099990000000001
0.1437021
0.14610420000000002
0.1575024
0.1705491
0.19593600000000003
0.2292828
0.24812280000000003
0.2511843
0.2508075
0.251043
0.2426121
0.2145876
0.1743171
0.13371690000000003
0.0530817
0.054447600000000006
0.04549860000000001
0.0409299
0.0397524
0.0421074
0.0436617
0.045687
0.043803
0.0459696
0.045687
0.045922500000000005
0.0472884
0.047147100000000004
0.05152740000000001
0.051339
0.0490311
0.0487014
0.046110899999999996
0.0479949
0.04983180000000001
0.047429700000000005
0.04653480000000001
0.04427400000000001
0.044132700000000004
0.045404400000000004
0.047382600000000004
0.0758781
0.0814359
0.05915760000000001
0.0482775
0.0821895
0.09273990000000001
0.0702261
0.0597699
0.0617481
0.05162160000000001
0.0501615
0.04775940000000001
0.04950210000000001
0.047712300000000006
0.04856010000000001
0.046110899999999996
0.049172400000000005
0.0496434
0.04983180000000001
0.05181
0.051386100000000004
0.05011440000000001
0.045310199999999995
0.04733550000000001
0.047571
0.0511506
0.050397
0.04851300000000001
0.04653480000000001
0.047947800000000006
0.049878900000000004
0.04898400000000001
0.050632500000000004
0.0514332
0.04856010000000001
0.045168900000000005
0.04427400000000001
0.0424842
0.044132700000000004
0.0848742
0.10493880000000003
0.14492670000000002
0.15703140000000002
0.1822299
0.22871760000000002
0.2356413
0.2424237
0.2497242
0.2511372
0.2511843
0.2511372
0.2512785
0.25099590000000005
0.24746340000000003
0.19541790000000003
0.13983990000000002
0.04700580000000001
0.046911600000000005
0.04229580000000001
0.040882800000000004
0.0402234
0.0432378
0.0407415
0.0412125
0.0378213
0.0419661
0.040411800000000005
0.0402234
0.0449334
0.0440385
0.0425313
0.038716200000000006
0.038669100000000005
0.0413067
0.040035
0.0439914
0.045216
0.0447921
0.0453573
0.047429700000000005
0.041448000000000006
0.0429552
0.0462522
0.04700580000000001
0.0417306
0.0449334
0.0428139
0.044132700000000004
0.0405531
0.040600199999999996
0.039093
0.038904600000000004
0.043379100000000004
0.0431907
0.0423429
0.041683500000000005
0.044179800000000005
0.0415422
0.0413067
0.0432378
0.04304940000000001
0.0449334
0.044650800000000004
0.0455928
0.047712300000000006
0.044509499999999994
0.0421074
0.0425784
0.043332
0.0478065
0.0448392
0.045121800000000004
0.0456399
0.04455660000000001
0.04304940000000001
0.0409299
0.0421074
0.045216
0.04507470000000001
0.0419661
0.046110899999999996
0.045875400000000004
0.0463464
0.0449334
0.046205100000000006
0.0533643
0.0499731
0.052704900000000006
0.047618100000000003
0.0472413
0.046911600000000005
0.0479949
0.0460167
0.0458283
0.04752390000000001
0.0446037
0.0435204
0.043379100000000004
0.0437088
0.03984660000000001
0.0403176
0.0419661
0.039140100000000004
0.040129200000000004
0.0448863
0.0448863
0.0450276
0.039799499999999995
0.044179800000000005
0.04224870000000001
0.0443682
0.041683500000000005
0.041448000000000006
0.0421545
0.0417777
0.0375387
0.0407886
0.040411800000000005
0.040694400000000006
0.039469800000000006
0.0411183
0.0436617
0.043143600000000004
0.0446037
0.052752
0.0556722
0.056472900000000006
0.0467703
0.0482775
0.0633495
0.1195398
0.2145405
0.21910920000000003
0.2092653
0.1705491
0.18062850000000003
0.1644732
0.1327278
0.0978267
0.04775940000000001
0.043143600000000004
0.04229580000000001
0.0417777
0.0437088
0.04182480000000001
0.044085599999999996
0.0383394
0.043332
0.043379100000000004
0.0456399
0.0455457
0.0432849
0.04385010000000001
0.0448863
0.038386500000000004
0.04027050000000001
0.041165400000000005
0.04102410000000001
0.043473300000000006
0.07008480000000002
0.0542121
0.0520926
0.0417306
0.04182480000000001
0.0443682
0.0432849
0.0405531
0.039564
0.0389988
0.04102410000000001
0.0401763
0.0407886
0.0432378
0.042390000000000004
0.0417777
0.0413538
0.0494079
0.05162160000000001
0.05840400000000001
0.0763962
0.15910380000000002
0.144126
0.16098780000000001
0.1915086
0.23451090000000002
0.2412462
0.250572
0.2506662
0.250572
0.24887640000000005
0.2204751
0.19522950000000003
0.1683825
0.12448530000000001
0.0548244
0.062172
0.0537882
0.048136200000000004
0.0430965
0.0412596
0.039564
0.040129200000000004
0.0416364
0.0471942
0.0450276
0.0479949
0.046110899999999996
0.0444153
0.04549860000000001
0.0432849
0.043944300000000006
0.0444153
0.0408357
0.0436617
0.0458283
0.0478536
0.047618100000000003
0.0470529
0.0442269
0.0472413
0.04573410000000001
0.04549860000000001
0.045168900000000005
0.0450276
0.04549860000000001
0.066411
0.04107120000000001
0.04507470000000001
0.040694400000000006
0.041919000000000005
0.043332
0.043143600000000004
0.0447921
0.04733550000000001
0.0474768
0.0490311
0.0474768
0.04573410000000001
0.0495492
0.04874850000000001
0.045216
0.0503028
0.0493608
0.0496434
0.0772911
0.12439110000000002
0.190284
0.1871283
0.19320420000000002
0.2002692
0.20295390000000005
0.19353390000000004
0.1640493
0.1228368
0.060711900000000006
0.052940400000000006
0.05501280000000001
0.0484188
0.0444153
0.049926000000000005
0.04700580000000001
0.04549860000000001
0.0488427
0.047947800000000006
0.04926660000000001
0.048183300000000005
0.049172400000000005
0.04926660000000001
0.048936900000000005
0.04653480000000001
0.08478000000000001
0.0972615
0.1006056
0.09429420000000001
0.0892545
0.0852981
0.07719690000000001
0.1026309
0.0795048
0.0676356
0.0721572
0.0661284
0.044085599999999996
0.046723200000000006
0.0448863
0.047571
0.0465819
0.04851300000000001
0.04304940000000001
0.0464877
0.03984660000000001
0.0449334
0.1171848
0.1558068
0.1669224
0.1875051
0.2253264
0.23323920000000004
0.23945640000000004
0.24897060000000001
0.25047780000000003
0.2509488
0.2511372
0.25123140000000005
0.2281053
0.18986010000000003
0.13216260000000002
0.0552954
0.05473019999999999
0.04856010000000001
0.04808910000000001
0.040411800000000005
0.044132700000000004
0.041448000000000006
0.044697900000000006
0.043332
0.0440385
0.0409299
0.0427668
0.0417306
0.0442269
0.0437088
0.0424371
0.0377271
0.0407886
0.0417777
0.0405531
0.0442269
0.0414009
0.039140100000000004
0.040458900000000006
0.0446037
0.043803
0.0454515
0.0447921
0.0424371
0.043897200000000004
0.044179800000000005
0.0415893
0.0432849
0.0430965
0.0425784
0.0448392
0.0450276
0.0431907
0.04427400000000001
0.0462522
0.045216
0.0420603
0.0435204
0.0442269
0.0448863
0.0425784
0.0425313
0.0412596
0.04149510000000001
0.040647300000000004
0.0407415
0.040411800000000005
0.039799499999999995
0.03923430000000001
0.0428139
0.040647300000000004
0.044650800000000004
0.055719300000000006
0.0425784
0.0417306
0.041919000000000005
0.043803
0.0444153
0.045310199999999995
0.0405531
0.042908100000000005
0.043803
0.0478065
0.0449334
0.07192169999999999
0.0919392
0.1023483
0.1084713
0.1353654
0.1778025
0.21129060000000002
0.239739
0.24859380000000003
0.2509017
0.2509017
0.2508075
0.2508075
0.22603290000000004
0.19311
0.15119100000000002
0.0921276
0.0558606
0.04874850000000001
0.0351837
0.0352779
0.0355605
0.0360786
0.0375387
0.0416364
0.0388575
0.043143600000000004
0.0472884
0.045687
0.049172400000000005
0.045121800000000004
0.045121800000000004
0.043143600000000004
0.0456399
0.0484188
0.045121800000000004
0.0494079
0.0464877
0.05053830000000001
0.04888980000000001
0.0488427
0.0448392
0.043426200000000005
0.0507738
0.04907820000000001
0.0533643
0.0752187
0.0464406
0.0471
0.0437559
0.0448863
0.0487956
0.04775940000000001
0.0487956
0.0503499
0.0449334
0.0428139
0.0495492
0.045310199999999995
0.046110899999999996
0.0495492
0.0466761
0.047712300000000006
0.0449334
0.046110899999999996
0.045168900000000005
0.0472413
0.040647300000000004
0.0432849
0.0425313
0.044132700000000004
0.0405531
0.038574899999999995
0.0456399
0.0511506
0.07964610000000001
0.0626901
0.074889
0.0822366
0.07126230000000001
0.0622662
0.066882
0.07060290000000001
0.07795050000000002
0.06457410000000001
0.0420603
0.05049120000000001
0.04983180000000001
0.050962200000000006
0.0501615
0.04888980000000001
0.047947800000000006
0.0487014
0.0818127
0.1369668
0.16225950000000003
0.1894833
0.21510570000000004
0.2284821
0.23517030000000003
0.24162299999999998
0.2497242
0.25085460000000004
0.2514669
0.2515611
0.2513727
0.2514669
0.23686590000000002
0.2024358
0.13983990000000002
0.046110899999999996
0.0493608
0.0400821
0.039469800000000006
0.04300230000000001
0.04107120000000001
0.039940800000000005
0.0454515
0.043897200000000004
0.0412125
0.0436617
0.0459696
0.0444153
0.046158000000000005
0.0446037
0.0450276
0.0472413
0.048136200000000004
0.048371700000000004
0.0420603
0.038433600000000005
0.041871900000000004
0.0409299
0.0409299
0.0428139
0.050962200000000006
0.0425784
0.04385010000000001
0.0395169
0.037915500000000005
0.0378213
0.040694400000000006
0.0383394
0.039140100000000004
0.039093
0.0394227
0.040694400000000006
0.0407415
0.0402234
0.0428139
0.0439914
0.044509499999999994
0.0420603
0.04507470000000001
0.04507470000000001
0.043332
0.0417777
0.043944300000000006
0.04304940000000001
0.04229580000000001
0.045168900000000005
0.0444153
0.042672600000000005
0.045404400000000004
0.046629000000000004
0.048371700000000004
0.04507470000000001
0.042390000000000004
0.04578120000000001
0.0413067
0.0430965
0.04775940000000001
0.0431907
0.0460638
0.04549860000000001
0.0444624
0.0463464
0.0437559
0.043473300000000006
0.0428139
0.0423429
0.0414009
0.0427668
0.0424842
0.0435675
0.0455928
0.0420603
0.04733550000000001
0.04888980000000001
0.0495492
0.04653480000000001
0.0455457
0.0488427
0.0454515
0.0479007
0.045687
0.041448000000000006
0.040694400000000006
0.039893700000000004
0.04700580000000001
0.046911600000000005
0.048654300000000004
0.048136200000000004
0.048042
0.0487014
0.046911600000000005
0.047947800000000006
0.0497376
0.0464877
0.046629000000000004
0.047571
0.04573410000000001
0.04578120000000001
0.0507267
0.0773853
0.167205
0.23865570000000003
0.20092859999999998
0.18317190000000003
0.1369197
0.1272171
0.13960440000000002
0.15152070000000004
0.19221510000000003
0.20314230000000003
0.19852650000000002
0.17219760000000003
0.1361661
0.10771770000000001
0.0510093
0.0574149
0.0421545
0.0430965
0.040411800000000005
0.0419661
0.037962600000000006
0.040129200000000004
0.0419661
0.0448863
0.04455660000000001
0.043897200000000004
0.042860999999999996
0.042719700000000006
0.046205100000000006
0.0442269
0.044179800000000005
0.0455928
0.0432849
0.05049120000000001
0.049878900000000004
0.04823040000000001
0.0464877
0.0442269
0.0447921
0.0819069
0.0928812
0.095613
0.0821895
0.07399410000000001
0.0700377
0.06584580000000001
0.0702261
0.058545299999999995
0.04027050000000001
0.043426200000000005
0.04102410000000001
0.0359844
0.040458900000000006
0.04224870000000001
0.0472884
0.043332
0.0429552
0.03758580000000001
0.0417306
0.040977
0.0417306
0.0442269
0.0764904
0.1067286
0.1270758
0.1357893
0.16781730000000003
0.1979142
0.23517030000000003
0.24280049999999997
0.2494416
0.25109010000000004
0.2511843
0.2511372
0.2509488
0.250572
0.2228301
0.18416100000000002
0.11242770000000002
0.0542592
0.0548244
0.03584310000000001
0.036690900000000005
0.0401763
0.0362199
0.038669100000000005
0.0382923
0.0415422
0.0414009
0.0425784
0.0407415
0.043944300000000006
0.040458900000000006
0.0436146
0.0421545
0.0458283
0.0440385
0.041448000000000006
0.0468174
0.04653480000000001
0.046110899999999996
0.040977
0.037962600000000006
0.039658200000000005
0.0436617
0.0408357
0.0411183
0.0388575
0.0403647
0.039893700000000004
0.039564
0.041448000000000006
0.0419661
0.038716200000000006
0.0407415
0.035796
0.037161900000000005
0.0337707
0.0342888
0.0327816
0.033912000000000005
0.034901100000000004
0.039658200000000005
0.038622
0.0417777
0.040977
0.03923430000000001
0.040458900000000006
0.0385278
0.0365967
0.0381981
0.040035
0.0394227
0.03984660000000001
0.0454515
0.04578120000000001
0.0436617
0.0450276
0.043897200000000004
0.045310199999999995
0.04573410000000001
0.0443211
0.0462522
0.04907820000000001
0.046158000000000005
0.0460638
0.04498050000000001
0.049926000000000005
0.04907820000000001
0.04874850000000001
0.062643
0.055201200000000006
0.0567084
0.04549860000000001
0.0471
0.04182480000000001
0.042390000000000004
0.040458900000000006
0.04262550000000001
0.0435675
0.0431907
0.0437088
0.042201600000000006
0.0396111
0.0427668
0.16918320000000003
0.2255619
0.201588
0.16494420000000004
0.1763895
0.1901427
0.21967440000000005
0.23017769999999999
0.2254677
0.1997511
0.1701252
0.1411587
0.1056924
0.05359980000000001
0.053128800000000004
0.038386500000000004
0.039893700000000004
0.041871900000000004
0.0435204
0.038433600000000005
0.040882800000000004
0.0396111
0.038904600000000004
0.03584310000000001
0.040458900000000006
0.0388104
0.038904600000000004
0.036738
0.042860999999999996
0.0440385
0.045216
0.0352779
0.0384807
0.039140100000000004
0.05223390000000001
0.0439914
0.0455457
0.042201600000000006
0.0444624
0.043332
0.040035
0.043897200000000004
0.0420132
0.0388104
0.044179800000000005
0.049455
0.0617952
0.04775940000000001
0.0444153
0.0447921
0.040977
0.045922500000000005
0.0444153
0.0420603
0.0421074
0.0442269
0.0439914
0.049878900000000004
0.05204550000000001
0.10828290000000002
0.15773790000000001
0.2013054
0.23747820000000003
0.23545290000000005
0.2350761
0.24920609999999999
0.250572
0.2509017
0.2509488
0.2512785
0.2501481
0.2276343
0.1907079
0.1286301
0.0600525
0.038622
0.028825200000000002
0.022608
0.022655099999999997
0.0201117
0.0251985
0.020535600000000005
0.0232203
0.0216189
0.0201588
0.0194052
0.017332800000000002
0.015401700000000003
0.0153075
0.0157314
0.014459699999999999
0.0151191
0.0147423
0.013517700000000002
0.017568300000000002
0.015166200000000001
0.0162024
0.017898
0.020912400000000005
0.0145068
0.016579200000000002
0.017898
0.0184632
0.0172386
0.0184632
0.0208653
0.0216189
0.022655099999999997
0.0231261
0.013517700000000002
0.0112569
0.0156372
0.0129525
0.0148365
0.017097300000000003
0.017709600000000002
0.020347200000000003
0.0162024
0.0172857
0.018369
0.0170031
0.023314500000000002
0.014412600000000001
0.0156372
0.016485000000000003
0.020441400000000002
0.010597500000000001
0.0159198
0.012669900000000001
0.014130000000000002
0.0123402
0.0146481
0.0157314
0.025104300000000003
0.018604500000000003
0.019452300000000002
0.019452300000000002
0.0198762
0.056472900000000006
0.07682009999999999
0.10277220000000001
0.1699368
0.2054031
0.24393090000000003
0.2514669
0.2519379
0.24939450000000005
0.23102550000000002
0.20262420000000003
0.1798278
0.12448530000000001
0.0562374
0.043143600000000004
0.0437559
0.0377742
0.0377742
0.040647300000000004
0.0395169
0.0413538
0.040694400000000006
0.0455457
0.042719700000000006
0.04700580000000001
0.0405531
0.04653480000000001
0.04427400000000001
0.04455660000000001
0.0407415
0.04224870000000001
0.039940800000000005
0.04149510000000001
0.0412125
0.0436146
0.0403176
0.036125700000000004
0.038574899999999995
0.039045899999999995
0.0427668
0.043332
0.04507470000000001
0.045168900000000005
0.0486072
0.0487014
0.0847329
0.0668349
0.0501615
0.0443211
0.046723200000000006
0.04385010000000001
0.04427400000000001
0.0435675
0.04385010000000001
0.0425313
0.045168900000000005
0.0460167
0.0472884
0.042719700000000006
0.042201600000000006
0.04700580000000001
0.044650800000000004
0.0458283
0.0487014
0.047429700000000005
0.0444153
0.0437088
0.0360315
0.0345243
0.0449334
0.0785628
0.0850626
0.08449740000000001
0.08525100000000002
0.0803055
0.0831315
0.0804468
0.0663639
0.060664800000000005
0.029625900000000004
0.022749300000000004
0.023455800000000002
0.024586200000000002
0.023079000000000002
0.0294375
0.025763700000000004
0.0284955
0.028071600000000002
0.026328900000000002
0.027600600000000003
0.035325
0.0322164
0.0317925
0.0479007
0.1758243
0.1772844
0.19640700000000003
0.22287720000000003
0.23257980000000003
0.2401158
0.24887640000000005
0.251043
0.250101
0.2509488
0.2499597
0.2508075
0.2503365
0.2405868
